t q
0.000000 0.575000
0.000000 0.575000
0.000000 0.575000
0.002000 0.576000
0.004000 0.577000
0.006000 0.578000
0.008000 0.579000
0.010000 0.580000
0.012000 0.581000
0.014000 0.582000
0.016000 0.583000
0.018000 0.584000
0.020000 0.585000
0.022000 0.586000
0.024000 0.587000
0.026000 0.588000
0.028000 0.589000
0.030000 0.590000
0.032000 0.591000
0.034000 0.592000
0.036000 0.593000
0.038000 0.594000
0.040000 0.595000
0.042000 0.596000
0.044000 0.597000
0.046000 0.598000
0.048000 0.599000
0.050000 0.600000
0.052000 0.601000
0.054000 0.602000
0.056000 0.603000
0.058000 0.604000
0.060000 0.605000
0.062000 0.606000
0.064000 0.607000
0.066000 0.608000
0.068000 0.609000
0.070000 0.610000
0.072000 0.611000
0.074000 0.612000
0.076000 0.613000
0.078000 0.614000
0.080000 0.615000
0.082000 0.616000
0.084000 0.617000
0.086000 0.618000
0.088000 0.619000
0.090000 0.620000
0.092000 0.621000
0.094000 0.622000
0.096000 0.623000
0.098000 0.624000
0.100000 0.625000
0.102000 0.626000
0.104000 0.627000
0.106000 0.628000
0.108000 0.629000
0.110000 0.630000
0.112000 0.631000
0.114000 0.632000
0.116000 0.633000
0.118000 0.634000
0.120000 0.635000
0.122000 0.636000
0.124000 0.637000
0.126000 0.638000
0.128000 0.639000
0.130000 0.640000
0.132000 0.641000
0.134000 0.642000
0.136000 0.643000
0.138000 0.644000
0.140000 0.645000
0.142000 0.646000
0.144000 0.647000
0.146000 0.648000
0.148000 0.649000
0.150000 0.650000
0.152000 0.651000
0.154000 0.652000
0.156000 0.653000
0.158000 0.654000
0.160000 0.655000
0.162000 0.656000
0.164000 0.657000
0.166000 0.658000
0.168000 0.659000
0.170000 0.660000
0.172000 0.661000
0.174000 0.662000
0.176000 0.663000
0.178000 0.664000
0.180000 0.665000
0.182000 0.666000
0.184000 0.667000
0.186000 0.668000
0.188000 0.669000
0.190000 0.670000
0.192000 0.671000
0.194000 0.672000
0.196000 0.673000
0.198000 0.674000
0.200000 0.675000
0.200000 0.675000
0.202041 0.676000
0.204082 0.677000
0.206122 0.678000
0.208163 0.679000
0.210204 0.680000
0.212245 0.681000
0.214286 0.682000
0.216327 0.683000
0.218367 0.684000
0.220408 0.685000
0.222449 0.686000
0.224490 0.687000
0.226531 0.688000
0.228571 0.689000
0.230612 0.690000
0.232653 0.691000
0.234694 0.692000
0.236735 0.693000
0.238776 0.694000
0.240816 0.695000
0.242857 0.696000
0.244898 0.697000
0.246939 0.698000
0.248980 0.699000
0.251020 0.700000
0.253061 0.701000
0.255102 0.702000
0.257143 0.703000
0.259184 0.704000
0.261224 0.705000
0.263265 0.706000
0.265306 0.707000
0.267347 0.708000
0.269388 0.709000
0.271429 0.710000
0.273469 0.711000
0.275510 0.712000
0.277551 0.713000
0.279592 0.714000
0.281633 0.715000
0.283673 0.716000
0.285714 0.717000
0.287755 0.718000
0.289796 0.719000
0.291837 0.720000
0.293878 0.721000
0.295918 0.722000
0.297959 0.723000
0.300000 0.724000
0.302041 0.725000
0.304082 0.726000
0.306122 0.727000
0.308163 0.728000
0.310204 0.729000
0.312245 0.730000
0.314286 0.731000
0.316327 0.732000
0.318367 0.733000
0.320408 0.734000
0.322449 0.735000
0.324490 0.736000
0.326531 0.737000
0.328571 0.738000
0.330612 0.739000
0.332653 0.740000
0.334694 0.741000
0.336735 0.742000
0.338776 0.743000
0.340816 0.744000
0.342857 0.745000
0.344898 0.746000
0.346939 0.747000
0.348980 0.748000
0.351020 0.749000
0.353061 0.750000
0.355102 0.751000
0.357143 0.752000
0.359184 0.753000
0.361224 0.754000
0.363265 0.755000
0.365306 0.756000
0.367347 0.757000
0.369388 0.758000
0.371429 0.759000
0.373469 0.760000
0.375510 0.761000
0.377551 0.762000
0.379592 0.763000
0.381633 0.764000
0.383673 0.765000
0.385714 0.766000
0.387755 0.767000
0.389796 0.768000
0.391837 0.769000
0.393878 0.770000
0.395918 0.771000
0.397959 0.772000
0.400000 0.773000
0.402041 0.774000
0.404082 0.774000
0.404082 0.775000
0.406165 0.776000
0.408248 0.777000
0.410332 0.778000
0.412415 0.779000
0.414498 0.780000
0.416582 0.781000
0.418665 0.782000
0.420748 0.783000
0.422832 0.784000
0.424915 0.785000
0.426998 0.786000
0.429082 0.787000
0.431165 0.788000
0.433248 0.789000
0.435332 0.790000
0.437415 0.791000
0.439498 0.792000
0.441582 0.793000
0.443665 0.794000
0.445748 0.795000
0.447832 0.796000
0.449915 0.797000
0.451998 0.798000
0.454082 0.799000
0.456165 0.800000
0.458248 0.801000
0.460332 0.802000
0.462415 0.803000
0.464498 0.804000
0.466582 0.805000
0.468665 0.806000
0.470748 0.807000
0.472832 0.808000
0.474915 0.809000
0.476998 0.810000
0.479082 0.811000
0.481165 0.812000
0.483248 0.813000
0.485332 0.814000
0.487415 0.815000
0.489498 0.816000
0.491582 0.817000
0.493665 0.818000
0.495748 0.819000
0.497832 0.820000
0.499915 0.821000
0.501998 0.822000
0.504082 0.823000
0.506165 0.824000
0.508248 0.825000
0.510332 0.826000
0.512415 0.827000
0.514498 0.828000
0.516582 0.829000
0.518665 0.830000
0.520748 0.831000
0.522832 0.832000
0.524915 0.833000
0.526998 0.834000
0.529082 0.835000
0.531165 0.836000
0.533248 0.837000
0.535332 0.838000
0.537415 0.839000
0.539498 0.840000
0.541582 0.841000
0.543665 0.842000
0.545748 0.843000
0.547832 0.844000
0.549915 0.845000
0.551998 0.846000
0.554082 0.847000
0.556165 0.848000
0.558248 0.849000
0.560332 0.850000
0.562415 0.851000
0.564498 0.852000
0.566582 0.853000
0.568665 0.854000
0.570748 0.855000
0.572832 0.856000
0.574915 0.857000
0.576998 0.858000
0.579082 0.859000
0.581165 0.860000
0.583248 0.861000
0.585332 0.862000
0.587415 0.863000
0.589498 0.864000
0.591582 0.865000
0.593665 0.866000
0.595748 0.867000
0.597832 0.868000
0.599915 0.869000
0.601998 0.870000
0.604082 0.871000
0.606165 0.872000
0.608248 0.873000
0.610332 0.874000
0.612415 0.874000
0.612415 0.875000
0.614543 0.876000
0.616670 0.877000
0.618798 0.878000
0.620926 0.879000
0.623053 0.880000
0.625181 0.881000
0.627309 0.882000
0.629436 0.883000
0.631564 0.884000
0.633692 0.885000
0.635819 0.886000
0.637947 0.887000
0.640075 0.888000
0.642202 0.889000
0.644330 0.890000
0.646458 0.891000
0.648585 0.892000
0.650713 0.893000
0.652840 0.894000
0.654968 0.895000
0.657096 0.896000
0.659223 0.897000
0.661351 0.898000
0.663479 0.899000
0.665606 0.900000
0.667734 0.901000
0.669862 0.902000
0.671989 0.903000
0.674117 0.904000
0.676245 0.905000
0.678372 0.906000
0.680500 0.907000
0.682628 0.908000
0.684755 0.909000
0.686883 0.910000
0.689011 0.911000
0.691138 0.912000
0.693266 0.913000
0.695394 0.914000
0.697521 0.915000
0.699649 0.916000
0.701777 0.917000
0.703904 0.918000
0.706032 0.919000
0.708160 0.920000
0.710287 0.921000
0.712415 0.922000
0.714543 0.923000
0.716670 0.924000
0.718798 0.925000
0.720926 0.926000
0.723053 0.927000
0.725181 0.928000
0.727309 0.929000
0.729436 0.930000
0.731564 0.931000
0.733692 0.932000
0.735819 0.933000
0.737947 0.934000
0.740075 0.935000
0.742202 0.936000
0.744330 0.937000
0.746458 0.938000
0.748585 0.939000
0.750713 0.940000
0.752840 0.941000
0.754968 0.942000
0.757096 0.943000
0.759223 0.944000
0.761351 0.945000
0.763479 0.946000
0.765606 0.947000
0.767734 0.948000
0.769862 0.949000
0.771989 0.950000
0.774117 0.951000
0.776245 0.952000
0.778372 0.953000
0.780500 0.954000
0.782628 0.955000
0.784755 0.956000
0.786883 0.957000
0.789011 0.958000
0.791138 0.959000
0.793266 0.960000
0.795394 0.961000
0.797521 0.962000
0.799649 0.963000
0.801777 0.964000
0.803904 0.965000
0.806032 0.966000
0.808160 0.967000
0.810287 0.968000
0.812415 0.969000
0.814543 0.970000
0.816670 0.971000
0.818798 0.972000
0.820926 0.973000
0.823053 0.974000
0.825181 0.975000
0.825181 0.975000
0.827355 0.976000
0.829529 0.977000
0.831703 0.978000
0.833877 0.979000
0.836050 0.980000
0.838224 0.981000
0.840398 0.982000
0.842572 0.983000
0.844746 0.984000
0.846920 0.985000
0.849094 0.986000
0.851268 0.987000
0.853442 0.988000
0.855616 0.989000
0.857790 0.990000
0.859964 0.991000
0.862137 0.992000
0.864311 0.993000
0.866485 0.994000
0.868659 0.995000
0.870833 0.996000
0.873007 0.997000
0.875181 0.998000
0.877355 0.999000
0.879529 1.000000
0.881703 1.001000
0.883877 1.002000
0.886050 1.003000
0.888224 1.004000
0.890398 1.005000
0.892572 1.006000
0.894746 1.007000
0.896920 1.008000
0.899094 1.009000
0.901268 1.010000
0.903442 1.011000
0.905616 1.012000
0.907790 1.013000
0.909964 1.014000
0.912137 1.015000
0.914311 1.016000
0.916485 1.017000
0.918659 1.018000
0.920833 1.019000
0.923007 1.020000
0.925181 1.021000
0.927355 1.022000
0.929529 1.023000
0.931703 1.024000
0.933877 1.025000
0.936050 1.026000
0.938224 1.027000
0.940398 1.028000
0.942572 1.029000
0.944746 1.030000
0.946920 1.031000
0.949094 1.032000
0.951268 1.033000
0.953442 1.034000
0.955616 1.035000
0.957790 1.036000
0.959964 1.037000
0.962137 1.038000
0.964311 1.039000
0.966485 1.040000
0.968659 1.041000
0.970833 1.042000
0.973007 1.043000
0.975181 1.044000
0.977355 1.045000
0.979529 1.046000
0.981703 1.047000
0.983877 1.048000
0.986050 1.049000
0.988224 1.050000
0.990398 1.051000
0.992572 1.052000
0.994746 1.053000
0.996920 1.054000
0.999094 1.055000
1.001268 1.056000
1.003442 1.057000
1.005616 1.058000
1.007790 1.059000
1.009964 1.060000
1.012137 1.061000
1.014311 1.062000
1.016485 1.063000
1.018659 1.064000
1.020833 1.065000
1.023007 1.066000
1.025181 1.067000
1.027355 1.068000
1.029529 1.069000
1.031703 1.070000
1.033877 1.071000
1.036050 1.072000
1.038224 1.073000
1.040398 1.074000
1.042572 1.075000
1.042572 1.075000
1.044794 1.076000
1.047017 1.077000
1.049239 1.078000
1.051461 1.079000
1.053683 1.080000
1.055906 1.081000
1.058128 1.082000
1.060350 1.083000
1.062572 1.084000
1.064794 1.085000
1.067017 1.086000
1.069239 1.087000
1.071461 1.088000
1.073683 1.089000
1.075906 1.090000
1.078128 1.091000
1.080350 1.092000
1.082572 1.093000
1.084794 1.094000
1.087017 1.095000
1.089239 1.096000
1.091461 1.097000
1.093683 1.098000
1.095906 1.099000
1.098128 1.100000
1.100350 1.101000
1.102572 1.102000
1.104794 1.103000
1.107017 1.104000
1.109239 1.105000
1.111461 1.106000
1.113683 1.107000
1.115906 1.108000
1.118128 1.109000
1.120350 1.110000
1.122572 1.111000
1.124794 1.112000
1.127017 1.113000
1.129239 1.114000
1.131461 1.115000
1.133683 1.116000
1.135906 1.117000
1.138128 1.118000
1.140350 1.119000
1.142572 1.120000
1.144794 1.121000
1.147017 1.122000
1.149239 1.123000
1.151461 1.124000
1.153683 1.125000
1.155906 1.126000
1.158128 1.127000
1.160350 1.128000
1.162572 1.129000
1.164794 1.130000
1.167017 1.131000
1.169239 1.132000
1.171461 1.133000
1.173683 1.134000
1.175906 1.135000
1.178128 1.136000
1.180350 1.137000
1.182572 1.138000
1.184794 1.139000
1.187017 1.140000
1.189239 1.141000
1.191461 1.142000
1.193683 1.143000
1.195906 1.144000
1.198128 1.145000
1.200350 1.146000
1.202572 1.147000
1.204794 1.148000
1.207017 1.149000
1.209239 1.150000
1.211461 1.151000
1.213683 1.152000
1.215906 1.153000
1.218128 1.154000
1.220350 1.155000
1.222572 1.156000
1.224794 1.157000
1.227017 1.158000
1.229239 1.159000
1.231461 1.160000
1.233683 1.161000
1.235906 1.162000
1.238128 1.163000
1.240350 1.164000
1.242572 1.165000
1.244794 1.166000
1.247017 1.167000
1.249239 1.168000
1.251461 1.169000
1.253683 1.170000
1.255906 1.171000
1.258128 1.172000
1.260350 1.173000
1.262572 1.174000
1.264794 1.175000
1.264794 1.175000
1.267067 1.176000
1.269340 1.177000
1.271613 1.178000
1.273885 1.179000
1.276158 1.180000
1.278431 1.181000
1.280704 1.182000
1.282976 1.183000
1.285249 1.184000
1.287522 1.185000
1.289794 1.186000
1.292067 1.187000
1.294340 1.188000
1.296613 1.189000
1.298885 1.190000
1.301158 1.191000
1.303431 1.192000
1.305704 1.193000
1.307976 1.194000
1.310249 1.195000
1.312522 1.196000
1.314794 1.197000
1.317067 1.198000
1.319340 1.199000
1.321613 1.200000
1.323885 1.201000
1.326158 1.202000
1.328431 1.203000
1.330704 1.204000
1.332976 1.205000
1.335249 1.206000
1.337522 1.207000
1.339794 1.208000
1.342067 1.209000
1.344340 1.210000
1.346613 1.211000
1.348885 1.212000
1.351158 1.213000
1.353431 1.214000
1.355704 1.215000
1.357976 1.216000
1.360249 1.217000
1.362522 1.218000
1.364794 1.219000
1.367067 1.220000
1.369340 1.221000
1.371613 1.222000
1.373885 1.223000
1.376158 1.224000
1.378431 1.225000
1.380704 1.226000
1.382976 1.227000
1.385249 1.228000
1.387522 1.229000
1.389794 1.230000
1.392067 1.231000
1.394340 1.232000
1.396613 1.233000
1.398885 1.234000
1.401158 1.235000
1.403431 1.236000
1.405704 1.237000
1.407976 1.238000
1.410249 1.239000
1.412522 1.240000
1.414794 1.241000
1.417067 1.242000
1.419340 1.243000
1.421613 1.244000
1.423885 1.245000
1.426158 1.246000
1.428431 1.247000
1.430704 1.248000
1.432976 1.249000
1.435249 1.250000
1.437522 1.251000
1.439794 1.252000
1.442067 1.253000
1.444340 1.254000
1.446613 1.255000
1.448885 1.256000
1.451158 1.257000
1.453431 1.258000
1.455704 1.259000
1.457976 1.260000
1.460249 1.261000
1.462522 1.262000
1.464794 1.263000
1.467067 1.264000
1.469340 1.265000
1.471613 1.266000
1.473885 1.267000
1.476158 1.268000
1.478431 1.269000
1.480704 1.270000
1.482976 1.271000
1.485249 1.272000
1.487522 1.273000
1.489794 1.274000
1.492067 1.275000
1.492067 1.275000
1.494393 1.276000
1.496718 1.277000
1.499044 1.278000
1.501370 1.279000
1.503695 1.280000
1.506021 1.281000
1.508346 1.282000
1.510672 1.283000
1.512997 1.284000
1.515323 1.285000
1.517649 1.286000
1.519974 1.287000
1.522300 1.288000
1.524625 1.289000
1.526951 1.290000
1.529276 1.291000
1.531602 1.292000
1.533928 1.293000
1.536253 1.294000
1.538579 1.295000
1.540904 1.296000
1.543230 1.297000
1.545556 1.298000
1.547881 1.299000
1.550207 1.300000
1.552532 1.301000
1.554858 1.302000
1.557183 1.303000
1.559509 1.304000
1.561835 1.305000
1.564160 1.306000
1.566486 1.307000
1.568811 1.308000
1.571137 1.309000
1.573463 1.310000
1.575788 1.311000
1.578114 1.312000
1.580439 1.313000
1.582765 1.314000
1.585090 1.315000
1.587416 1.316000
1.589742 1.317000
1.592067 1.318000
1.594393 1.319000
1.596718 1.320000
1.599044 1.321000
1.601370 1.322000
1.603695 1.323000
1.606021 1.324000
1.608346 1.325000
1.610672 1.326000
1.612997 1.327000
1.615323 1.328000
1.617649 1.329000
1.619974 1.330000
1.622300 1.331000
1.624625 1.332000
1.626951 1.333000
1.629276 1.334000
1.631602 1.335000
1.633928 1.336000
1.636253 1.337000
1.638579 1.338000
1.640904 1.339000
1.643230 1.340000
1.645556 1.341000
1.647881 1.342000
1.650207 1.343000
1.652532 1.344000
1.654858 1.345000
1.657183 1.346000
1.659509 1.347000
1.661835 1.348000
1.664160 1.349000
1.666486 1.350000
1.668811 1.351000
1.671137 1.352000
1.673463 1.353000
1.675788 1.354000
1.678114 1.355000
1.680439 1.356000
1.682765 1.357000
1.685090 1.358000
1.687416 1.359000
1.689742 1.360000
1.692067 1.361000
1.694393 1.362000
1.696718 1.363000
1.699044 1.364000
1.701370 1.365000
1.703695 1.366000
1.706021 1.367000
1.708346 1.368000
1.710672 1.369000
1.712997 1.370000
1.715323 1.371000
1.717649 1.372000
1.719974 1.373000
1.722300 1.374000
1.724625 1.375000
1.724625 1.375000
1.727006 1.376000
1.729387 1.377000
1.731768 1.378000
1.734149 1.379000
1.736530 1.380000
1.738911 1.381000
1.741292 1.382000
1.743673 1.383000
1.746054 1.384000
1.748435 1.385000
1.750816 1.386000
1.753197 1.387000
1.755578 1.388000
1.757959 1.389000
1.760340 1.390000
1.762721 1.391000
1.765102 1.392000
1.767482 1.393000
1.769863 1.394000
1.772244 1.395000
1.774625 1.396000
1.777006 1.397000
1.779387 1.398000
1.781768 1.399000
1.784149 1.400000
1.786530 1.401000
1.788911 1.402000
1.791292 1.403000
1.793673 1.404000
1.796054 1.405000
1.798435 1.406000
1.800816 1.407000
1.803197 1.408000
1.805578 1.409000
1.807959 1.410000
1.810340 1.411000
1.812721 1.412000
1.815102 1.413000
1.817482 1.414000
1.819863 1.415000
1.822244 1.416000
1.824625 1.417000
1.827006 1.418000
1.829387 1.419000
1.831768 1.420000
1.834149 1.421000
1.836530 1.422000
1.838911 1.423000
1.841292 1.424000
1.843673 1.425000
1.846054 1.426000
1.848435 1.427000
1.850816 1.428000
1.853197 1.429000
1.855578 1.430000
1.857959 1.431000
1.860340 1.432000
1.862721 1.433000
1.865102 1.434000
1.867482 1.435000
1.869863 1.436000
1.872244 1.437000
1.874625 1.438000
1.877006 1.439000
1.879387 1.440000
1.881768 1.441000
1.884149 1.442000
1.886530 1.443000
1.888911 1.444000
1.891292 1.445000
1.893673 1.446000
1.896054 1.447000
1.898435 1.448000
1.900816 1.449000
1.903197 1.450000
1.905578 1.451000
1.907959 1.452000
1.910340 1.453000
1.912721 1.454000
1.915102 1.455000
1.917482 1.456000
1.919863 1.457000
1.922244 1.458000
1.924625 1.459000
1.927006 1.460000
1.929387 1.461000
1.931768 1.462000
1.934149 1.463000
1.936530 1.464000
1.938911 1.465000
1.941292 1.466000
1.943673 1.467000
1.946054 1.468000
1.948435 1.469000
1.950816 1.470000
1.953197 1.471000
1.955578 1.472000
1.957959 1.473000
1.960340 1.474000
1.962721 1.475000
1.962721 1.475000
1.965160 1.476000
1.967599 1.477000
1.970038 1.478000
1.972477 1.479000
1.974916 1.480000
1.977355 1.481000
1.979794 1.482000
1.982233 1.483000
1.984672 1.484000
1.987111 1.485000
1.989550 1.486000
1.991989 1.487000
1.994428 1.488000
1.996867 1.489000
1.999306 1.490000
2.001745 1.491000
2.004184 1.492000
2.006623 1.493000
2.009062 1.494000
2.011501 1.495000
2.013940 1.496000
2.016379 1.497000
2.018818 1.498000
2.021257 1.499000
2.023696 1.500000
2.026135 1.501000
2.028574 1.502000
2.031013 1.503000
2.033452 1.504000
2.035891 1.505000
2.038330 1.506000
2.040769 1.507000
2.043208 1.508000
2.045647 1.509000
2.048086 1.510000
2.050525 1.511000
2.052964 1.512000
2.055403 1.513000
2.057843 1.514000
2.060282 1.515000
2.062721 1.516000
2.065160 1.517000
2.067599 1.518000
2.070038 1.519000
2.072477 1.520000
2.074916 1.521000
2.077355 1.522000
2.079794 1.523000
2.082233 1.524000
2.084672 1.525000
2.087111 1.526000
2.089550 1.527000
2.091989 1.528000
2.094428 1.529000
2.096867 1.530000
2.099306 1.531000
2.101745 1.532000
2.104184 1.533000
2.106623 1.534000
2.109062 1.535000
2.111501 1.536000
2.113940 1.537000
2.116379 1.538000
2.118818 1.539000
2.121257 1.540000
2.123696 1.541000
2.126135 1.542000
2.128574 1.543000
2.131013 1.544000
2.133452 1.545000
2.135891 1.546000
2.138330 1.547000
2.140769 1.548000
2.143208 1.549000
2.145647 1.550000
2.148086 1.551000
2.150525 1.552000
2.152964 1.553000
2.155403 1.554000
2.157843 1.555000
2.160282 1.556000
2.162721 1.557000
2.165160 1.558000
2.167599 1.559000
2.170038 1.560000
2.172477 1.561000
2.174916 1.562000
2.177355 1.563000
2.179794 1.564000
2.182233 1.565000
2.184672 1.566000
2.187111 1.567000
2.189550 1.568000
2.191989 1.569000
2.194428 1.570000
2.196867 1.571000
2.199306 1.572000
2.201745 1.573000
2.204184 1.574000
2.206623 1.575000
2.206623 1.575000
2.209123 1.576000
2.211623 1.577000
2.214123 1.578000
2.216623 1.579000
2.219123 1.580000
2.221623 1.581000
2.224123 1.582000
2.226623 1.583000
2.229123 1.584000
2.231623 1.585000
2.234123 1.586000
2.236623 1.587000
2.239123 1.588000
2.241623 1.589000
2.244123 1.590000
2.246623 1.591000
2.249123 1.592000
2.251623 1.593000
2.254123 1.594000
2.256623 1.595000
2.259123 1.596000
2.261623 1.597000
2.264123 1.598000
2.266623 1.599000
2.269123 1.600000
2.271623 1.601000
2.274123 1.602000
2.276623 1.603000
2.279123 1.604000
2.281623 1.605000
2.284123 1.606000
2.286623 1.607000
2.289123 1.608000
2.291623 1.609000
2.294123 1.610000
2.296623 1.611000
2.299123 1.612000
2.301623 1.613000
2.304123 1.614000
2.306623 1.615000
2.309123 1.616000
2.311623 1.617000
2.314123 1.618000
2.316623 1.619000
2.319123 1.620000
2.321623 1.621000
2.324123 1.622000
2.326623 1.623000
2.329123 1.624000
2.331623 1.625000
2.334123 1.626000
2.336623 1.627000
2.339123 1.628000
2.341623 1.629000
2.344123 1.630000
2.346623 1.631000
2.349123 1.632000
2.351623 1.633000
2.354123 1.634000
2.356623 1.635000
2.359123 1.636000
2.361623 1.637000
2.364123 1.638000
2.366623 1.639000
2.369123 1.640000
2.371623 1.641000
2.374123 1.642000
2.376623 1.643000
2.379123 1.644000
2.381623 1.645000
2.384123 1.646000
2.386623 1.647000
2.389123 1.648000
2.391623 1.649000
2.394123 1.650000
2.396623 1.651000
2.399123 1.652000
2.401623 1.653000
2.404123 1.654000
2.406623 1.655000
2.409123 1.656000
2.411623 1.657000
2.414123 1.658000
2.416623 1.659000
2.419123 1.660000
2.421623 1.661000
2.424123 1.662000
2.426623 1.663000
2.429123 1.664000
2.431623 1.665000
2.434123 1.666000
2.436623 1.667000
2.439123 1.668000
2.441623 1.669000
2.444123 1.670000
2.446623 1.671000
2.449123 1.672000
2.451623 1.673000
2.454123 1.674000
2.456623 1.675000
2.456623 1.675000
2.459187 1.676000
2.461751 1.677000
2.464315 1.678000
2.466879 1.679000
2.469444 1.680000
2.472008 1.681000
2.474572 1.682000
2.477136 1.683000
2.479700 1.684000
2.482264 1.685000
2.484828 1.686000
2.487392 1.687000
2.489956 1.688000
2.492520 1.689000
2.495085 1.690000
2.497649 1.691000
2.500213 1.692000
2.502777 1.693000
2.505341 1.694000
2.507905 1.695000
2.510469 1.696000
2.513033 1.697000
2.515597 1.698000
2.518161 1.699000
2.520726 1.700000
2.523290 1.701000
2.525854 1.702000
2.528418 1.703000
2.530982 1.704000
2.533546 1.705000
2.536110 1.706000
2.538674 1.707000
2.541238 1.708000
2.543802 1.709000
2.546367 1.710000
2.548931 1.711000
2.551495 1.712000
2.554059 1.713000
2.556623 1.714000
2.559187 1.715000
2.561751 1.716000
2.564315 1.717000
2.566879 1.718000
2.569444 1.719000
2.572008 1.720000
2.574572 1.721000
2.577136 1.722000
2.579700 1.723000
2.582264 1.724000
2.584828 1.725000
2.587392 1.726000
2.589956 1.727000
2.592520 1.728000
2.595085 1.729000
2.597649 1.730000
2.600213 1.731000
2.602777 1.732000
2.605341 1.733000
2.607905 1.734000
2.610469 1.735000
2.613033 1.736000
2.615597 1.737000
2.618161 1.738000
2.620726 1.739000
2.623290 1.740000
2.625854 1.741000
2.628418 1.742000
2.630982 1.743000
2.633546 1.744000
2.636110 1.745000
2.638674 1.746000
2.641238 1.747000
2.643802 1.748000
2.646367 1.749000
2.648931 1.750000
2.651495 1.751000
2.654059 1.752000
2.656623 1.753000
2.659187 1.754000
2.661751 1.755000
2.664315 1.756000
2.666879 1.757000
2.669444 1.758000
2.672008 1.759000
2.674572 1.760000
2.677136 1.761000
2.679700 1.762000
2.682264 1.763000
2.684828 1.764000
2.687392 1.765000
2.689956 1.766000
2.692520 1.767000
2.695085 1.768000
2.697649 1.769000
2.700213 1.770000
2.702777 1.771000
2.705341 1.772000
2.707905 1.773000
2.710469 1.774000
2.713033 1.775000
2.713033 1.775000
2.715665 1.776000
2.718296 1.777000
2.720928 1.778000
2.723560 1.779000
2.726191 1.780000
2.728823 1.781000
2.731454 1.782000
2.734086 1.783000
2.736717 1.784000
2.739349 1.785000
2.741981 1.786000
2.744612 1.787000
2.747244 1.788000
2.749875 1.789000
2.752507 1.790000
2.755139 1.791000
2.757770 1.792000
2.760402 1.793000
2.763033 1.794000
2.765665 1.795000
2.768296 1.796000
2.770928 1.797000
2.773560 1.798000
2.776191 1.799000
2.778823 1.800000
2.781454 1.801000
2.784086 1.802000
2.786717 1.803000
2.789349 1.804000
2.791981 1.805000
2.794612 1.806000
2.797244 1.807000
2.799875 1.808000
2.802507 1.809000
2.805139 1.810000
2.807770 1.811000
2.810402 1.812000
2.813033 1.813000
2.815665 1.814000
2.818296 1.815000
2.820928 1.816000
2.823560 1.817000
2.826191 1.818000
2.828823 1.819000
2.831454 1.820000
2.834086 1.821000
2.836717 1.822000
2.839349 1.823000
2.841981 1.824000
2.844612 1.825000
2.847244 1.826000
2.849875 1.827000
2.852507 1.828000
2.855139 1.829000
2.857770 1.830000
2.860402 1.831000
2.863033 1.832000
2.865665 1.833000
2.868296 1.834000
2.870928 1.835000
2.873560 1.836000
2.876191 1.837000
2.878823 1.838000
2.881454 1.839000
2.884086 1.840000
2.886717 1.841000
2.889349 1.842000
2.891981 1.843000
2.894612 1.844000
2.897244 1.845000
2.899875 1.846000
2.902507 1.847000
2.905139 1.848000
2.907770 1.849000
2.910402 1.850000
2.913033 1.851000
2.915665 1.852000
2.918296 1.853000
2.920928 1.854000
2.923560 1.855000
2.926191 1.856000
2.928823 1.857000
2.931454 1.858000
2.934086 1.859000
2.936717 1.860000
2.939349 1.861000
2.941981 1.862000
2.944612 1.863000
2.947244 1.864000
2.949875 1.865000
2.952507 1.866000
2.955139 1.867000
2.957770 1.868000
2.960402 1.869000
2.963033 1.870000
2.965665 1.871000
2.968296 1.872000
2.970928 1.873000
2.973560 1.874000
2.976191 1.875000
2.976191 1.875000
2.978894 1.876000
2.981597 1.877000
2.984299 1.878000
2.987002 1.879000
2.989705 1.880000
2.992407 1.881000
2.995110 1.882000
2.997813 1.883000
3.000515 1.884000
3.003218 1.885000
3.005921 1.886000
3.008624 1.887000
3.011326 1.888000
3.014029 1.889000
3.016732 1.890000
3.019434 1.891000
3.022137 1.892000
3.024840 1.893000
3.027542 1.894000
3.030245 1.895000
3.032948 1.896000
3.035651 1.897000
3.038353 1.898000
3.041056 1.899000
3.043759 1.900000
3.046461 1.901000
3.049164 1.902000
3.051867 1.903000
3.054570 1.904000
3.057272 1.905000
3.059975 1.906000
3.062678 1.907000
3.065380 1.908000
3.068083 1.909000
3.070786 1.910000
3.073488 1.911000
3.076191 1.912000
3.078894 1.913000
3.081597 1.914000
3.084299 1.915000
3.087002 1.916000
3.089705 1.917000
3.092407 1.918000
3.095110 1.919000
3.097813 1.920000
3.100515 1.921000
3.103218 1.922000
3.105921 1.923000
3.108624 1.924000
3.111326 1.925000
3.114029 1.926000
3.116732 1.927000
3.119434 1.928000
3.122137 1.929000
3.124840 1.930000
3.127542 1.931000
3.130245 1.932000
3.132948 1.933000
3.135651 1.934000
3.138353 1.935000
3.141056 1.936000
3.143759 1.937000
3.146461 1.938000
3.149164 1.939000
3.151867 1.940000
3.154570 1.941000
3.157272 1.942000
3.159975 1.943000
3.162678 1.944000
3.165380 1.945000
3.168083 1.946000
3.170786 1.947000
3.173488 1.948000
3.176191 1.949000
3.178894 1.950000
3.181597 1.951000
3.184299 1.952000
3.187002 1.953000
3.189705 1.954000
3.192407 1.955000
3.195110 1.956000
3.197813 1.957000
3.200515 1.958000
3.203218 1.959000
3.205921 1.960000
3.208624 1.961000
3.211326 1.962000
3.214029 1.963000
3.216732 1.964000
3.219434 1.965000
3.222137 1.966000
3.224840 1.967000
3.227542 1.968000
3.230245 1.969000
3.232948 1.970000
3.235651 1.971000
3.238353 1.972000
3.241056 1.973000
3.243759 1.974000
3.246461 1.975000
3.246461 1.975000
3.249239 1.976000
3.252017 1.977000
3.254795 1.978000
3.257573 1.979000
3.260350 1.980000
3.263128 1.981000
3.265906 1.982000
3.268684 1.983000
3.271461 1.984000
3.274239 1.985000
3.277017 1.986000
3.279795 1.987000
3.282573 1.988000
3.285350 1.989000
3.288128 1.990000
3.290906 1.991000
3.293684 1.992000
3.296461 1.993000
3.299239 1.994000
3.302017 1.995000
3.304795 1.996000
3.307573 1.997000
3.310350 1.998000
3.313128 1.999000
3.315906 2.000000
3.318684 2.001000
3.321461 2.002000
3.324239 2.003000
3.327017 2.004000
3.329795 2.005000
3.332573 2.006000
3.335350 2.007000
3.338128 2.008000
3.340906 2.009000
3.343684 2.010000
3.346461 2.011000
3.349239 2.012000
3.352017 2.013000
3.354795 2.014000
3.357573 2.015000
3.360350 2.016000
3.363128 2.017000
3.365906 2.018000
3.368684 2.019000
3.371461 2.020000
3.374239 2.021000
3.377017 2.022000
3.379795 2.023000
3.382573 2.024000
3.385350 2.025000
3.388128 2.026000
3.390906 2.027000
3.393684 2.028000
3.396461 2.029000
3.399239 2.030000
3.402017 2.031000
3.404795 2.032000
3.407573 2.033000
3.410350 2.034000
3.413128 2.035000
3.415906 2.036000
3.418684 2.037000
3.421461 2.038000
3.424239 2.039000
3.427017 2.040000
3.429795 2.041000
3.432573 2.042000
3.435350 2.043000
3.438128 2.044000
3.440906 2.045000
3.443684 2.046000
3.446461 2.047000
3.449239 2.048000
3.452017 2.049000
3.454795 2.050000
3.457573 2.051000
3.460350 2.052000
3.463128 2.053000
3.465906 2.054000
3.468684 2.055000
3.471461 2.056000
3.474239 2.057000
3.477017 2.058000
3.479795 2.059000
3.482573 2.060000
3.485350 2.061000
3.488128 2.062000
3.490906 2.063000
3.493684 2.064000
3.496461 2.065000
3.499239 2.066000
3.502017 2.067000
3.504795 2.068000
3.507573 2.069000
3.510350 2.070000
3.513128 2.071000
3.515906 2.072000
3.518684 2.073000
3.521461 2.074000
3.524239 2.075000
3.524239 2.075000
3.527096 2.076000
3.529953 2.077000
3.532811 2.078000
3.535668 2.079000
3.538525 2.080000
3.541382 2.081000
3.544239 2.082000
3.547096 2.083000
3.549953 2.084000
3.552811 2.085000
3.555668 2.086000
3.558525 2.087000
3.561382 2.088000
3.564239 2.089000
3.567096 2.090000
3.569953 2.091000
3.572811 2.092000
3.575668 2.093000
3.578525 2.094000
3.581382 2.095000
3.584239 2.096000
3.587096 2.097000
3.589953 2.098000
3.592811 2.099000
3.595668 2.100000
3.598525 2.101000
3.601382 2.102000
3.604239 2.103000
3.607096 2.104000
3.609953 2.105000
3.612811 2.106000
3.615668 2.107000
3.618525 2.108000
3.621382 2.109000
3.624239 2.110000
3.627096 2.111000
3.629953 2.112000
3.632811 2.113000
3.635668 2.114000
3.638525 2.115000
3.641382 2.116000
3.644239 2.117000
3.647096 2.118000
3.649953 2.119000
3.652811 2.120000
3.655668 2.121000
3.658525 2.122000
3.661382 2.123000
3.664239 2.124000
3.667096 2.125000
3.669953 2.126000
3.672811 2.127000
3.675668 2.128000
3.678525 2.129000
3.681382 2.130000
3.684239 2.131000
3.687096 2.132000
3.689953 2.133000
3.692811 2.134000
3.695668 2.135000
3.698525 2.136000
3.701382 2.137000
3.704239 2.138000
3.707096 2.139000
3.709953 2.140000
3.712811 2.141000
3.715668 2.142000
3.718525 2.143000
3.721382 2.144000
3.724239 2.145000
3.727096 2.146000
3.729953 2.147000
3.732811 2.148000
3.735668 2.149000
3.738525 2.150000
3.741382 2.151000
3.744239 2.152000
3.747096 2.153000
3.749953 2.154000
3.752811 2.155000
3.755668 2.156000
3.758525 2.157000
3.761382 2.158000
3.764239 2.159000
3.767096 2.160000
3.769953 2.161000
3.772811 2.162000
3.775668 2.163000
3.778525 2.164000
3.781382 2.165000
3.784239 2.166000
3.787096 2.167000
3.789953 2.168000
3.792811 2.169000
3.795668 2.170000
3.798525 2.171000
3.801382 2.172000
3.804239 2.173000
3.807096 2.174000
3.809953 2.175000
3.809953 2.175000
3.812895 2.176000
3.815836 2.177000
3.818777 2.178000
3.821718 2.179000
3.824659 2.180000
3.827601 2.181000
3.830542 2.182000
3.833483 2.183000
3.836424 2.184000
3.839365 2.185000
3.842306 2.186000
3.845248 2.187000
3.848189 2.188000
3.851130 2.189000
3.854071 2.190000
3.857012 2.191000
3.859953 2.192000
3.862895 2.193000
3.865836 2.194000
3.868777 2.195000
3.871718 2.196000
3.874659 2.197000
3.877601 2.198000
3.880542 2.199000
3.883483 2.200000
3.886424 2.201000
3.889365 2.202000
3.892306 2.203000
3.895248 2.204000
3.898189 2.205000
3.901130 2.206000
3.904071 2.207000
3.907012 2.208000
3.909953 2.209000
3.912895 2.210000
3.915836 2.211000
3.918777 2.212000
3.921718 2.213000
3.924659 2.214000
3.927601 2.215000
3.930542 2.216000
3.933483 2.217000
3.936424 2.218000
3.939365 2.219000
3.942306 2.220000
3.945248 2.221000
3.948189 2.222000
3.951130 2.223000
3.954071 2.224000
3.957012 2.225000
3.959953 2.226000
3.962895 2.227000
3.965836 2.228000
3.968777 2.229000
3.971718 2.230000
3.974659 2.231000
3.977601 2.232000
3.980542 2.233000
3.983483 2.234000
3.986424 2.235000
3.989365 2.236000
3.992306 2.237000
3.995248 2.238000
3.998189 2.239000
4.001130 2.240000
4.004071 2.241000
4.007012 2.242000
4.009953 2.243000
4.012895 2.244000
4.015836 2.245000
4.018777 2.246000
4.021718 2.247000
4.024659 2.248000
4.027601 2.249000
4.030542 2.250000
4.033483 2.251000
4.036424 2.252000
4.039365 2.253000
4.042306 2.254000
4.045248 2.255000
4.048189 2.256000
4.051130 2.257000
4.054071 2.258000
4.057012 2.259000
4.059953 2.260000
4.062895 2.261000
4.065836 2.262000
4.068777 2.263000
4.071718 2.264000
4.074659 2.265000
4.077601 2.266000
4.080542 2.267000
4.083483 2.268000
4.086424 2.269000
4.089365 2.270000
4.092306 2.271000
4.095248 2.272000
4.098189 2.273000
4.101130 2.274000
4.104071 2.275000
4.104071 2.275000
4.107101 2.276000
4.110132 2.277000
4.113162 2.278000
4.116192 2.279000
4.119223 2.280000
4.122253 2.281000
4.125283 2.282000
4.128314 2.283000
4.131344 2.284000
4.134374 2.285000
4.137404 2.286000
4.140435 2.287000
4.143465 2.288000
4.146495 2.289000
4.149526 2.290000
4.152556 2.291000
4.155586 2.292000
4.158617 2.293000
4.161647 2.294000
4.164677 2.295000
4.167707 2.296000
4.170738 2.297000
4.173768 2.298000
4.176798 2.299000
4.179829 2.300000
4.182859 2.301000
4.185889 2.302000
4.188920 2.303000
4.191950 2.304000
4.194980 2.305000
4.198011 2.306000
4.201041 2.307000
4.204071 2.308000
4.207101 2.309000
4.210132 2.310000
4.213162 2.311000
4.216192 2.312000
4.219223 2.313000
4.222253 2.314000
4.225283 2.315000
4.228314 2.316000
4.231344 2.317000
4.234374 2.318000
4.237404 2.319000
4.240435 2.320000
4.243465 2.321000
4.246495 2.322000
4.249526 2.323000
4.252556 2.324000
4.255586 2.325000
4.258617 2.326000
4.261647 2.327000
4.264677 2.328000
4.267707 2.329000
4.270738 2.330000
4.273768 2.331000
4.276798 2.332000
4.279829 2.333000
4.282859 2.334000
4.285889 2.335000
4.288920 2.336000
4.291950 2.337000
4.294980 2.338000
4.298011 2.339000
4.301041 2.340000
4.304071 2.341000
4.307101 2.342000
4.310132 2.343000
4.313162 2.344000
4.316192 2.345000
4.319223 2.346000
4.322253 2.347000
4.325283 2.348000
4.328314 2.349000
4.331344 2.350000
4.334374 2.351000
4.337404 2.352000
4.340435 2.353000
4.343465 2.354000
4.346495 2.355000
4.349526 2.356000
4.352556 2.357000
4.355586 2.358000
4.358617 2.359000
4.361647 2.360000
4.364677 2.361000
4.367707 2.362000
4.370738 2.363000
4.373768 2.364000
4.376798 2.365000
4.379829 2.366000
4.382859 2.367000
4.385889 2.368000
4.388920 2.369000
4.391950 2.370000
4.394980 2.371000
4.398011 2.372000
4.401041 2.373000
4.404071 2.374000
4.407101 2.375000
4.407101 2.375000
4.410226 2.376000
4.413351 2.377000
4.416476 2.378000
4.419601 2.379000
4.422726 2.380000
4.425851 2.381000
4.428976 2.382000
4.432101 2.383000
4.435226 2.384000
4.438351 2.385000
4.441476 2.386000
4.444601 2.387000
4.447726 2.388000
4.450851 2.389000
4.453976 2.390000
4.457101 2.391000
4.460226 2.392000
4.463351 2.393000
4.466476 2.394000
4.469601 2.395000
4.472726 2.396000
4.475851 2.397000
4.478976 2.398000
4.482101 2.399000
4.485226 2.400000
4.488351 2.401000
4.491476 2.402000
4.494601 2.403000
4.497726 2.404000
4.500851 2.405000
4.503976 2.406000
4.507101 2.407000
4.510226 2.408000
4.513351 2.409000
4.516476 2.410000
4.519601 2.411000
4.522726 2.412000
4.525851 2.413000
4.528976 2.414000
4.532101 2.415000
4.535226 2.416000
4.538351 2.417000
4.541476 2.418000
4.544601 2.419000
4.547726 2.420000
4.550851 2.421000
4.553976 2.422000
4.557101 2.423000
4.560226 2.424000
4.563351 2.425000
4.566476 2.426000
4.569601 2.427000
4.572726 2.428000
4.575851 2.429000
4.578976 2.430000
4.582101 2.431000
4.585226 2.432000
4.588351 2.433000
4.591476 2.434000
4.594601 2.435000
4.597726 2.436000
4.600851 2.437000
4.603976 2.438000
4.607101 2.439000
4.610226 2.440000
4.613351 2.441000
4.616476 2.442000
4.619601 2.443000
4.622726 2.444000
4.625851 2.445000
4.628976 2.446000
4.632101 2.447000
4.635226 2.448000
4.638351 2.449000
4.641476 2.450000
4.644601 2.451000
4.647726 2.452000
4.650851 2.453000
4.653976 2.454000
4.657101 2.455000
4.660226 2.456000
4.663351 2.457000
4.666476 2.458000
4.669601 2.459000
4.672726 2.460000
4.675851 2.461000
4.678976 2.462000
4.682101 2.463000
4.685226 2.464000
4.688351 2.465000
4.691476 2.466000
4.694601 2.467000
4.697726 2.468000
4.700851 2.469000
4.703976 2.470000
4.707101 2.471000
4.710226 2.472000
4.713351 2.473000
4.716476 2.474000
4.719601 2.475000
4.719601 2.475000
4.722827 2.476000
4.726053 2.477000
4.729279 2.478000
4.732505 2.479000
4.735730 2.480000
4.738956 2.481000
4.742182 2.482000
4.745408 2.483000
4.748634 2.484000
4.751859 2.485000
4.755085 2.486000
4.758311 2.487000
4.761537 2.488000
4.764763 2.489000
4.767989 2.490000
4.771214 2.491000
4.774440 2.492000
4.777666 2.493000
4.780892 2.494000
4.784118 2.495000
4.787343 2.496000
4.790569 2.497000
4.793795 2.498000
4.797021 2.499000
4.800247 2.500000
4.803472 2.501000
4.806698 2.502000
4.809924 2.503000
4.813150 2.504000
4.816376 2.505000
4.819601 2.506000
4.822827 2.507000
4.826053 2.508000
4.829279 2.509000
4.832505 2.510000
4.835730 2.511000
4.838956 2.512000
4.842182 2.513000
4.845408 2.514000
4.848634 2.515000
4.851859 2.516000
4.855085 2.517000
4.858311 2.518000
4.861537 2.519000
4.864763 2.520000
4.867989 2.521000
4.871214 2.522000
4.874440 2.523000
4.877666 2.524000
4.880892 2.525000
4.884118 2.526000
4.887343 2.527000
4.890569 2.528000
4.893795 2.529000
4.897021 2.530000
4.900247 2.531000
4.903472 2.532000
4.906698 2.533000
4.909924 2.534000
4.913150 2.535000
4.916376 2.536000
4.919601 2.537000
4.922827 2.538000
4.926053 2.539000
4.929279 2.540000
4.932505 2.541000
4.935730 2.542000
4.938956 2.543000
4.942182 2.544000
4.945408 2.545000
4.948634 2.546000
4.951859 2.547000
4.955085 2.548000
4.958311 2.549000
4.961537 2.550000
4.964763 2.551000
4.967989 2.552000
4.971214 2.553000
4.974440 2.554000
4.977666 2.555000
4.980892 2.556000
4.984118 2.557000
4.987343 2.558000
4.990569 2.559000
4.993795 2.560000
4.997021 2.561000
5.000247 2.562000
5.003472 2.563000
5.006698 2.564000
5.009924 2.565000
5.013150 2.566000
5.016376 2.567000
5.019601 2.568000
5.022827 2.569000
5.026053 2.570000
5.029279 2.571000
5.032505 2.572000
5.035730 2.573000
5.038956 2.574000
5.042182 2.575000
5.042182 2.575000
5.045515 2.576000
5.048849 2.577000
5.052182 2.578000
5.055515 2.579000
5.058849 2.580000
5.062182 2.581000
5.065515 2.582000
5.068849 2.583000
5.072182 2.584000
5.075515 2.585000
5.078849 2.586000
5.082182 2.587000
5.085515 2.588000
5.088849 2.589000
5.092182 2.590000
5.095515 2.591000
5.098849 2.592000
5.102182 2.593000
5.105515 2.594000
5.108849 2.595000
5.112182 2.596000
5.115515 2.597000
5.118849 2.598000
5.122182 2.599000
5.125515 2.600000
5.128849 2.601000
5.132182 2.602000
5.135515 2.603000
5.138849 2.604000
5.142182 2.605000
5.145515 2.606000
5.148849 2.607000
5.152182 2.608000
5.155515 2.609000
5.158849 2.610000
5.162182 2.611000
5.165515 2.612000
5.168849 2.613000
5.172182 2.614000
5.175515 2.615000
5.178849 2.616000
5.182182 2.617000
5.185515 2.618000
5.188849 2.619000
5.192182 2.620000
5.195515 2.621000
5.198849 2.622000
5.202182 2.623000
5.205515 2.624000
5.208849 2.625000
5.212182 2.626000
5.215515 2.627000
5.218849 2.628000
5.222182 2.629000
5.225515 2.630000
5.228849 2.631000
5.232182 2.632000
5.235515 2.633000
5.238849 2.634000
5.242182 2.635000
5.245515 2.636000
5.248849 2.637000
5.252182 2.638000
5.255515 2.639000
5.258849 2.640000
5.262182 2.641000
5.265515 2.642000
5.268849 2.643000
5.272182 2.644000
5.275515 2.645000
5.278849 2.646000
5.282182 2.647000
5.285515 2.648000
5.288849 2.649000
5.292182 2.650000
5.295515 2.651000
5.298849 2.652000
5.302182 2.653000
5.305515 2.654000
5.308849 2.655000
5.312182 2.656000
5.315515 2.657000
5.318849 2.658000
5.322182 2.659000
5.325515 2.660000
5.328849 2.661000
5.332182 2.662000
5.335515 2.663000
5.338849 2.664000
5.342182 2.665000
5.345515 2.666000
5.348849 2.667000
5.352182 2.668000
5.355515 2.669000
5.358849 2.670000
5.362182 2.671000
5.365515 2.672000
5.368849 2.673000
5.372182 2.674000
5.375515 2.675000
5.375515 2.675000
5.378964 2.676000
5.382412 2.677000
5.385860 2.678000
5.389309 2.679000
5.392757 2.680000
5.396205 2.681000
5.399653 2.682000
5.403102 2.683000
5.406550 2.684000
5.409998 2.685000
5.413446 2.686000
5.416895 2.687000
5.420343 2.688000
5.423791 2.689000
5.427240 2.690000
5.430688 2.691000
5.434136 2.692000
5.437584 2.693000
5.441033 2.694000
5.444481 2.695000
5.447929 2.696000
5.451377 2.697000
5.454826 2.698000
5.458274 2.699000
5.461722 2.700000
5.465171 2.701000
5.468619 2.702000
5.472067 2.703000
5.475515 2.704000
5.478964 2.705000
5.482412 2.706000
5.485860 2.707000
5.489309 2.708000
5.492757 2.709000
5.496205 2.710000
5.499653 2.711000
5.503102 2.712000
5.506550 2.713000
5.509998 2.714000
5.513446 2.715000
5.516895 2.716000
5.520343 2.717000
5.523791 2.718000
5.527240 2.719000
5.530688 2.720000
5.534136 2.721000
5.537584 2.722000
5.541033 2.723000
5.544481 2.724000
5.547929 2.725000
5.551377 2.726000
5.554826 2.727000
5.558274 2.728000
5.561722 2.729000
5.565171 2.730000
5.568619 2.731000
5.572067 2.732000
5.575515 2.733000
5.578964 2.734000
5.582412 2.735000
5.585860 2.736000
5.589309 2.737000
5.592757 2.738000
5.596205 2.739000
5.599653 2.740000
5.603102 2.741000
5.606550 2.742000
5.609998 2.743000
5.613446 2.744000
5.616895 2.745000
5.620343 2.746000
5.623791 2.747000
5.627240 2.748000
5.630688 2.749000
5.634136 2.750000
5.637584 2.751000
5.641033 2.752000
5.644481 2.753000
5.647929 2.754000
5.651377 2.755000
5.654826 2.756000
5.658274 2.757000
5.661722 2.758000
5.665171 2.759000
5.668619 2.760000
5.672067 2.761000
5.675515 2.762000
5.678964 2.763000
5.682412 2.764000
5.685860 2.765000
5.689309 2.766000
5.692757 2.767000
5.696205 2.768000
5.699653 2.769000
5.703102 2.770000
5.706550 2.771000
5.709998 2.772000
5.713446 2.773000
5.716895 2.774000
5.720343 2.775000
5.720343 2.775000
5.723914 2.776000
5.727486 2.777000
5.731057 2.778000
5.734629 2.779000
5.738200 2.780000
5.741772 2.781000
5.745343 2.782000
5.748914 2.783000
5.752486 2.784000
5.756057 2.785000
5.759629 2.786000
5.763200 2.787000
5.766772 2.788000
5.770343 2.789000
5.773914 2.790000
5.777486 2.791000
5.781057 2.792000
5.784629 2.793000
5.788200 2.794000
5.791772 2.795000
5.795343 2.796000
5.798914 2.797000
5.802486 2.798000
5.806057 2.799000
5.809629 2.800000
5.813200 2.801000
5.816772 2.802000
5.820343 2.803000
5.823914 2.804000
5.827486 2.805000
5.831057 2.806000
5.834629 2.807000
5.838200 2.808000
5.841772 2.809000
5.845343 2.810000
5.848914 2.811000
5.852486 2.812000
5.856057 2.813000
5.859629 2.814000
5.863200 2.815000
5.866772 2.816000
5.870343 2.817000
5.873914 2.818000
5.877486 2.819000
5.881057 2.820000
5.884629 2.821000
5.888200 2.822000
5.891772 2.823000
5.895343 2.824000
5.898914 2.825000
5.902486 2.826000
5.906057 2.827000
5.909629 2.828000
5.913200 2.829000
5.916772 2.830000
5.920343 2.831000
5.923914 2.832000
5.927486 2.833000
5.931057 2.834000
5.934629 2.835000
5.938200 2.836000
5.941772 2.837000
5.945343 2.838000
5.948914 2.839000
5.952486 2.840000
5.956057 2.841000
5.959629 2.842000
5.963200 2.843000
5.966772 2.844000
5.970343 2.845000
5.973914 2.846000
5.977486 2.847000
5.981057 2.848000
5.984629 2.849000
5.988200 2.850000
5.991772 2.851000
5.995343 2.852000
5.998914 2.853000
6.002486 2.854000
6.006057 2.855000
6.009629 2.856000
6.013200 2.857000
6.016772 2.858000
6.020343 2.859000
6.023914 2.860000
6.027486 2.861000
6.031057 2.862000
6.034629 2.863000
6.038200 2.864000
6.041772 2.865000
6.045343 2.866000
6.048914 2.867000
6.052486 2.868000
6.056057 2.869000
6.059629 2.870000
6.063200 2.871000
6.066772 2.872000
6.070343 2.873000
6.073914 2.874000
6.077486 2.875000
6.077486 2.875000
6.081190 2.876000
6.084893 2.877000
6.088597 2.878000
6.092301 2.879000
6.096004 2.880000
6.099708 2.881000
6.103412 2.882000
6.107115 2.883000
6.110819 2.884000
6.114523 2.885000
6.118227 2.886000
6.121930 2.887000
6.125634 2.888000
6.129338 2.889000
6.133041 2.890000
6.136745 2.891000
6.140449 2.892000
6.144153 2.893000
6.147856 2.894000
6.151560 2.895000
6.155264 2.896000
6.158967 2.897000
6.162671 2.898000
6.166375 2.899000
6.170078 2.900000
6.173782 2.901000
6.177486 2.902000
6.181190 2.903000
6.184893 2.904000
6.188597 2.905000
6.192301 2.906000
6.196004 2.907000
6.199708 2.908000
6.203412 2.909000
6.207115 2.910000
6.210819 2.911000
6.214523 2.912000
6.218227 2.913000
6.221930 2.914000
6.225634 2.915000
6.229338 2.916000
6.233041 2.917000
6.236745 2.918000
6.240449 2.919000
6.244153 2.920000
6.247856 2.921000
6.251560 2.922000
6.255264 2.923000
6.258967 2.924000
6.262671 2.925000
6.266375 2.926000
6.270078 2.927000
6.273782 2.928000
6.277486 2.929000
6.281190 2.930000
6.284893 2.931000
6.288597 2.932000
6.292301 2.933000
6.296004 2.934000
6.299708 2.935000
6.303412 2.936000
6.307115 2.937000
6.310819 2.938000
6.314523 2.939000
6.318227 2.940000
6.321930 2.941000
6.325634 2.942000
6.329338 2.943000
6.333041 2.944000
6.336745 2.945000
6.340449 2.946000
6.344153 2.947000
6.347856 2.948000
6.351560 2.949000
6.355264 2.950000
6.358967 2.951000
6.362671 2.952000
6.366375 2.953000
6.370078 2.954000
6.373782 2.955000
6.377486 2.956000
6.381190 2.957000
6.384893 2.958000
6.388597 2.959000
6.392301 2.960000
6.396004 2.961000
6.399708 2.962000
6.403412 2.963000
6.407115 2.964000
6.410819 2.965000
6.414523 2.966000
6.418227 2.967000
6.421930 2.968000
6.425634 2.969000
6.429338 2.970000
6.433041 2.971000
6.436745 2.972000
6.440449 2.973000
6.444153 2.974000
6.447856 2.975000
6.447856 2.975000
6.451702 2.976000
6.455549 2.977000
6.459395 2.978000
6.463241 2.979000
6.467087 2.980000
6.470933 2.981000
6.474779 2.982000
6.478625 2.983000
6.482472 2.984000
6.486318 2.985000
6.490164 2.986000
6.494010 2.987000
6.497856 2.988000
6.501702 2.989000
6.505549 2.990000
6.509395 2.991000
6.513241 2.992000
6.517087 2.993000
6.520933 2.994000
6.524779 2.995000
6.528625 2.996000
6.532472 2.997000
6.536318 2.998000
6.540164 2.999000
6.544010 3.000000
6.547856 3.001000
6.551702 3.002000
6.555549 3.003000
6.559395 3.004000
6.563241 3.005000
6.567087 3.006000
6.570933 3.007000
6.574779 3.008000
6.578625 3.009000
6.582472 3.010000
6.586318 3.011000
6.590164 3.012000
6.594010 3.013000
6.597856 3.014000
6.601702 3.015000
6.605549 3.016000
6.609395 3.017000
6.613241 3.018000
6.617087 3.019000
6.620933 3.020000
6.624779 3.021000
6.628625 3.022000
6.632472 3.023000
6.636318 3.024000
6.640164 3.025000
6.644010 3.026000
6.647856 3.027000
6.651702 3.028000
6.655549 3.029000
6.659395 3.030000
6.663241 3.031000
6.667087 3.032000
6.670933 3.033000
6.674779 3.034000
6.678625 3.035000
6.682472 3.036000
6.686318 3.037000
6.690164 3.038000
6.694010 3.039000
6.697856 3.040000
6.701702 3.041000
6.705549 3.042000
6.709395 3.043000
6.713241 3.044000
6.717087 3.045000
6.720933 3.046000
6.724779 3.047000
6.728625 3.048000
6.732472 3.049000
6.736318 3.050000
6.740164 3.051000
6.744010 3.052000
6.747856 3.053000
6.751702 3.054000
6.755549 3.055000
6.759395 3.056000
6.763241 3.057000
6.767087 3.058000
6.770933 3.059000
6.774779 3.060000
6.778625 3.061000
6.782472 3.062000
6.786318 3.063000
6.790164 3.064000
6.794010 3.065000
6.797856 3.066000
6.801702 3.067000
6.805549 3.068000
6.809395 3.069000
6.813241 3.070000
6.817087 3.071000
6.820933 3.072000
6.824779 3.073000
6.828625 3.074000
6.832472 3.075000
6.832472 3.075000
6.836472 3.076000
6.840472 3.077000
6.844472 3.078000
6.848472 3.079000
6.852472 3.080000
6.856472 3.081000
6.860472 3.082000
6.864472 3.083000
6.868472 3.084000
6.872472 3.085000
6.876472 3.086000
6.880472 3.087000
6.884472 3.088000
6.888472 3.089000
6.892472 3.090000
6.896472 3.091000
6.900472 3.092000
6.904472 3.093000
6.908472 3.094000
6.912472 3.095000
6.916472 3.096000
6.920472 3.097000
6.924472 3.098000
6.928472 3.099000
6.932472 3.100000
6.936472 3.101000
6.940472 3.102000
6.944472 3.103000
6.948472 3.104000
6.952472 3.105000
6.956472 3.106000
6.960472 3.107000
6.964472 3.108000
6.968472 3.109000
6.972472 3.110000
6.976472 3.111000
6.980472 3.112000
6.984472 3.113000
6.988472 3.114000
6.992472 3.115000
6.996472 3.116000
7.000472 3.117000
7.004472 3.118000
7.008472 3.119000
7.012472 3.120000
7.016472 3.121000
7.020472 3.122000
7.024472 3.123000
7.028472 3.124000
7.032472 3.125000
7.036472 3.126000
7.040472 3.127000
7.044472 3.128000
7.048472 3.129000
7.052472 3.130000
7.056472 3.131000
7.060472 3.132000
7.064472 3.133000
7.068472 3.134000
7.072472 3.135000
7.076472 3.136000
7.080472 3.137000
7.084472 3.138000
7.088472 3.139000
7.092472 3.140000
7.096472 3.141000
7.100472 3.142000
7.104472 3.143000
7.108472 3.144000
7.112472 3.145000
7.116472 3.146000
7.120472 3.147000
7.124472 3.148000
7.128472 3.149000
7.132472 3.150000
7.136472 3.151000
7.140472 3.152000
7.144472 3.153000
7.148472 3.154000
7.152472 3.155000
7.156472 3.156000
7.160472 3.157000
7.164472 3.158000
7.168472 3.159000
7.172472 3.160000
7.176472 3.161000
7.180472 3.162000
7.184472 3.163000
7.188472 3.164000
7.192472 3.165000
7.196472 3.166000
7.200472 3.167000
7.204472 3.168000
7.208472 3.169000
7.212472 3.170000
7.216472 3.171000
7.220472 3.172000
7.224472 3.173000
7.228472 3.174000
7.232472 3.175000
7.232472 3.175000
7.236638 3.176000
7.240805 3.177000
7.244972 3.178000
7.249138 3.179000
7.253305 3.180000
7.257472 3.181000
7.261638 3.182000
7.265805 3.183000
7.269972 3.184000
7.274138 3.185000
7.278305 3.186000
7.282472 3.187000
7.286638 3.188000
7.290805 3.189000
7.294972 3.190000
7.299138 3.191000
7.303305 3.192000
7.307472 3.193000
7.311638 3.194000
7.315805 3.195000
7.319972 3.196000
7.324138 3.197000
7.328305 3.198000
7.332472 3.199000
7.336638 3.200000
7.340805 3.201000
7.344972 3.202000
7.349138 3.203000
7.353305 3.204000
7.357472 3.205000
7.361638 3.206000
7.365805 3.207000
7.369972 3.208000
7.374138 3.209000
7.378305 3.210000
7.382472 3.211000
7.386638 3.212000
7.390805 3.213000
7.394972 3.214000
7.399138 3.215000
7.403305 3.216000
7.407472 3.217000
7.411638 3.218000
7.415805 3.219000
7.419972 3.220000
7.424138 3.221000
7.428305 3.222000
7.432472 3.223000
7.436638 3.224000
7.440805 3.225000
7.444972 3.226000
7.449138 3.227000
7.453305 3.228000
7.457472 3.229000
7.461638 3.230000
7.465805 3.231000
7.469972 3.232000
7.474138 3.233000
7.478305 3.234000
7.482472 3.235000
7.486638 3.236000
7.490805 3.237000
7.494972 3.238000
7.499138 3.239000
7.503305 3.240000
7.507472 3.241000
7.511638 3.242000
7.515805 3.243000
7.519972 3.244000
7.524138 3.245000
7.528305 3.246000
7.532472 3.247000
7.536638 3.248000
7.540805 3.249000
7.544972 3.250000
7.549138 3.251000
7.553305 3.252000
7.557472 3.253000
7.561638 3.254000
7.565805 3.255000
7.569972 3.256000
7.574138 3.257000
7.578305 3.258000
7.582472 3.259000
7.586638 3.260000
7.590805 3.261000
7.594972 3.262000
7.599138 3.263000
7.603305 3.264000
7.607472 3.265000
7.611638 3.266000
7.615805 3.267000
7.619972 3.268000
7.624138 3.269000
7.628305 3.270000
7.632472 3.271000
7.636638 3.272000
7.640805 3.273000
7.644972 3.274000
7.649138 3.275000
7.649138 3.275000
7.653486 3.276000
7.657834 3.277000
7.662182 3.278000
7.666530 3.279000
7.670877 3.280000
7.675225 3.281000
7.679573 3.282000
7.683921 3.283000
7.688269 3.284000
7.692617 3.285000
7.696964 3.286000
7.701312 3.287000
7.705660 3.288000
7.710008 3.289000
7.714356 3.290000
7.718703 3.291000
7.723051 3.292000
7.727399 3.293000
7.731747 3.294000
7.736095 3.295000
7.740443 3.296000
7.744790 3.297000
7.749138 3.298000
7.753486 3.299000
7.757834 3.300000
7.762182 3.301000
7.766530 3.302000
7.770877 3.303000
7.775225 3.304000
7.779573 3.305000
7.783921 3.306000
7.788269 3.307000
7.792617 3.308000
7.796964 3.309000
7.801312 3.310000
7.805660 3.311000
7.810008 3.312000
7.814356 3.313000
7.818703 3.314000
7.823051 3.315000
7.827399 3.316000
7.831747 3.317000
7.836095 3.318000
7.840443 3.319000
7.844790 3.320000
7.849138 3.321000
7.853486 3.322000
7.857834 3.323000
7.862182 3.324000
7.866530 3.325000
7.870877 3.326000
7.875225 3.327000
7.879573 3.328000
7.883921 3.329000
7.888269 3.330000
7.892617 3.331000
7.896964 3.332000
7.901312 3.333000
7.905660 3.334000
7.910008 3.335000
7.914356 3.336000
7.918703 3.337000
7.923051 3.338000
7.927399 3.339000
7.931747 3.340000
7.936095 3.341000
7.940443 3.342000
7.944790 3.343000
7.949138 3.344000
7.953486 3.345000
7.957834 3.346000
7.962182 3.347000
7.966530 3.348000
7.970877 3.349000
7.975225 3.350000
7.979573 3.351000
7.983921 3.352000
7.988269 3.353000
7.992617 3.354000
7.996964 3.355000
8.001312 3.356000
8.005660 3.357000
8.010008 3.358000
8.014356 3.359000
8.018703 3.360000
8.023051 3.361000
8.027399 3.362000
8.031747 3.363000
8.036095 3.364000
8.040443 3.365000
8.044790 3.366000
8.049138 3.367000
8.053486 3.368000
8.057834 3.369000
8.062182 3.370000
8.066530 3.371000
8.070877 3.372000
8.075225 3.373000
8.079573 3.374000
8.083921 3.375000
8.083921 3.375000
8.088466 3.376000
8.093012 3.377000
8.097557 3.378000
8.102103 3.379000
8.106648 3.380000
8.111194 3.381000
8.115739 3.382000
8.120285 3.383000
8.124830 3.384000
8.129375 3.385000
8.133921 3.386000
8.138466 3.387000
8.143012 3.388000
8.147557 3.389000
8.152103 3.390000
8.156648 3.391000
8.161194 3.392000
8.165739 3.393000
8.170285 3.394000
8.174830 3.395000
8.179375 3.396000
8.183921 3.397000
8.188466 3.398000
8.193012 3.399000
8.197557 3.400000
8.202103 3.401000
8.206648 3.402000
8.211194 3.403000
8.215739 3.404000
8.220285 3.405000
8.224830 3.406000
8.229375 3.407000
8.233921 3.408000
8.238466 3.409000
8.243012 3.410000
8.247557 3.411000
8.252103 3.412000
8.256648 3.413000
8.261194 3.414000
8.265739 3.415000
8.270285 3.416000
8.274830 3.417000
8.279375 3.418000
8.283921 3.419000
8.288466 3.420000
8.293012 3.421000
8.297557 3.422000
8.302103 3.423000
8.306648 3.424000
8.311194 3.425000
8.315739 3.426000
8.320285 3.427000
8.324830 3.428000
8.329375 3.429000
8.333921 3.430000
8.338466 3.431000
8.343012 3.432000
8.347557 3.433000
8.352103 3.434000
8.356648 3.435000
8.361194 3.436000
8.365739 3.437000
8.370285 3.438000
8.374830 3.439000
8.379375 3.440000
8.383921 3.441000
8.388466 3.442000
8.393012 3.443000
8.397557 3.444000
8.402103 3.445000
8.406648 3.446000
8.411194 3.447000
8.415739 3.448000
8.420285 3.449000
8.424830 3.450000
8.429375 3.451000
8.433921 3.452000
8.438466 3.453000
8.443012 3.454000
8.447557 3.455000
8.452103 3.456000
8.456648 3.457000
8.461194 3.458000
8.465739 3.459000
8.470285 3.460000
8.474830 3.461000
8.479375 3.462000
8.483921 3.463000
8.488466 3.464000
8.493012 3.465000
8.497557 3.466000
8.502103 3.467000
8.506648 3.468000
8.511194 3.469000
8.515739 3.470000
8.520285 3.471000
8.524830 3.472000
8.529375 3.473000
8.533921 3.474000
8.538466 3.475000
8.538466 3.475000
8.543228 3.476000
8.547990 3.477000
8.552752 3.478000
8.557514 3.479000
8.562276 3.480000
8.567038 3.481000
8.571800 3.482000
8.576562 3.483000
8.581323 3.484000
8.586085 3.485000
8.590847 3.486000
8.595609 3.487000
8.600371 3.488000
8.605133 3.489000
8.609895 3.490000
8.614657 3.491000
8.619419 3.492000
8.624181 3.493000
8.628943 3.494000
8.633704 3.495000
8.638466 3.496000
8.643228 3.497000
8.647990 3.498000
8.652752 3.499000
8.657514 3.500000
8.662276 3.501000
8.667038 3.502000
8.671800 3.503000
8.676562 3.504000
8.681323 3.505000
8.686085 3.506000
8.690847 3.507000
8.695609 3.508000
8.700371 3.509000
8.705133 3.510000
8.709895 3.511000
8.714657 3.512000
8.719419 3.513000
8.724181 3.514000
8.728943 3.515000
8.733704 3.516000
8.738466 3.517000
8.743228 3.518000
8.747990 3.519000
8.752752 3.520000
8.757514 3.521000
8.762276 3.522000
8.767038 3.523000
8.771800 3.524000
8.776562 3.525000
8.781323 3.526000
8.786085 3.527000
8.790847 3.528000
8.795609 3.529000
8.800371 3.530000
8.805133 3.531000
8.809895 3.532000
8.814657 3.533000
8.819419 3.534000
8.824181 3.535000
8.828943 3.536000
8.833704 3.537000
8.838466 3.538000
8.843228 3.539000
8.847990 3.540000
8.852752 3.541000
8.857514 3.542000
8.862276 3.543000
8.867038 3.544000
8.871800 3.545000
8.876562 3.546000
8.881323 3.547000
8.886085 3.548000
8.890847 3.549000
8.895609 3.550000
8.900371 3.551000
8.905133 3.552000
8.909895 3.553000
8.914657 3.554000
8.919419 3.555000
8.924181 3.556000
8.928943 3.557000
8.933704 3.558000
8.938466 3.559000
8.943228 3.560000
8.947990 3.561000
8.952752 3.562000
8.957514 3.563000
8.962276 3.564000
8.967038 3.565000
8.971800 3.566000
8.976562 3.567000
8.981323 3.568000
8.986085 3.569000
8.990847 3.570000
8.995609 3.571000
9.000371 3.572000
9.005133 3.573000
9.009895 3.574000
9.014657 3.575000
9.014657 3.575000
9.019657 3.576000
9.024657 3.577000
9.029657 3.578000
9.034657 3.579000
9.039657 3.580000
9.044657 3.581000
9.049657 3.582000
9.054657 3.583000
9.059657 3.584000
9.064657 3.585000
9.069657 3.586000
9.074657 3.587000
9.079657 3.588000
9.084657 3.589000
9.089657 3.590000
9.094657 3.591000
9.099657 3.592000
9.104657 3.593000
9.109657 3.594000
9.114657 3.595000
9.119657 3.596000
9.124657 3.597000
9.129657 3.598000
9.134657 3.599000
9.139657 3.600000
9.144657 3.601000
9.149657 3.602000
9.154657 3.603000
9.159657 3.604000
9.164657 3.605000
9.169657 3.606000
9.174657 3.607000
9.179657 3.608000
9.184657 3.609000
9.189657 3.610000
9.194657 3.611000
9.199657 3.612000
9.204657 3.613000
9.209657 3.614000
9.214657 3.615000
9.219657 3.616000
9.224657 3.617000
9.229657 3.618000
9.234657 3.619000
9.239657 3.620000
9.244657 3.621000
9.249657 3.622000
9.254657 3.623000
9.259657 3.624000
9.264657 3.625000
9.269657 3.626000
9.274657 3.627000
9.279657 3.628000
9.284657 3.629000
9.289657 3.630000
9.294657 3.631000
9.299657 3.632000
9.304657 3.633000
9.309657 3.634000
9.314657 3.635000
9.319657 3.636000
9.324657 3.637000
9.329657 3.638000
9.334657 3.639000
9.339657 3.640000
9.344657 3.641000
9.349657 3.642000
9.354657 3.643000
9.359657 3.644000
9.364657 3.645000
9.369657 3.646000
9.374657 3.647000
9.379657 3.648000
9.384657 3.649000
9.389657 3.650000
9.394657 3.651000
9.399657 3.652000
9.404657 3.653000
9.409657 3.654000
9.414657 3.655000
9.419657 3.656000
9.424657 3.657000
9.429657 3.658000
9.434657 3.659000
9.439657 3.660000
9.444657 3.661000
9.449657 3.662000
9.454657 3.663000
9.459657 3.664000
9.464657 3.665000
9.469657 3.666000
9.474657 3.667000
9.479657 3.668000
9.484657 3.669000
9.489657 3.670000
9.494657 3.671000
9.499657 3.672000
9.504657 3.673000
9.509657 3.674000
9.514657 3.675000
9.514657 3.675000
9.519920 3.676000
9.525183 3.677000
9.530446 3.678000
9.535709 3.679000
9.540973 3.680000
9.546236 3.681000
9.551499 3.682000
9.556762 3.683000
9.562025 3.684000
9.567288 3.685000
9.572552 3.686000
9.577815 3.687000
9.583078 3.688000
9.588341 3.689000
9.593604 3.690000
9.598867 3.691000
9.604130 3.692000
9.609394 3.693000
9.614657 3.694000
9.619920 3.695000
9.625183 3.696000
9.630446 3.697000
9.635709 3.698000
9.640973 3.699000
9.646236 3.700000
9.651499 3.701000
9.656762 3.702000
9.662025 3.703000
9.667288 3.704000
9.672552 3.705000
9.677815 3.706000
9.683078 3.707000
9.688341 3.708000
9.693604 3.709000
9.698867 3.710000
9.704130 3.711000
9.709394 3.712000
9.714657 3.713000
9.719920 3.714000
9.725183 3.715000
9.730446 3.716000
9.735709 3.717000
9.740973 3.718000
9.746236 3.719000
9.751499 3.720000
9.756762 3.721000
9.762025 3.722000
9.767288 3.723000
9.772552 3.724000
9.777815 3.725000
9.783078 3.726000
9.788341 3.727000
9.793604 3.728000
9.798867 3.729000
9.804130 3.730000
9.809394 3.731000
9.814657 3.732000
9.819920 3.733000
9.825183 3.734000
9.830446 3.735000
9.835709 3.736000
9.840973 3.737000
9.846236 3.738000
9.851499 3.739000
9.856762 3.740000
9.862025 3.741000
9.867288 3.742000
9.872552 3.743000
9.877815 3.744000
9.883078 3.745000
9.888341 3.746000
9.893604 3.747000
9.898867 3.748000
9.904130 3.749000
9.909394 3.750000
9.914657 3.751000
9.919920 3.752000
9.925183 3.753000
9.930446 3.754000
9.935709 3.755000
9.940973 3.756000
9.946236 3.757000
9.951499 3.758000
9.956762 3.759000
9.962025 3.760000
9.967288 3.761000
9.972552 3.762000
9.977815 3.763000
9.983078 3.764000
9.988341 3.765000
9.993604 3.766000
9.998867 3.767000
