t q
0.000000 10.500000
0.002041 10.500000
0.004082 10.500000
0.006124 10.500000
0.008166 10.500000
0.010209 10.500000
0.012252 10.500000
0.014295 10.500000
0.016339 10.499000
0.018383 10.499000
0.020428 10.499000
0.022473 10.498000
0.024519 10.498000
0.026565 10.497000
0.028611 10.497000
0.030658 10.496000
0.032705 10.495000
0.034752 10.495000
0.036800 10.494000
0.038849 10.493000
0.040898 10.493000
0.042947 10.492000
0.044997 10.491000
0.047047 10.490000
0.049097 10.489000
0.051148 10.488000
0.053200 10.487000
0.055252 10.486000
0.057304 10.485000
0.059356 10.484000
0.061410 10.482000
0.063463 10.481000
0.065517 10.480000
0.067571 10.479000
0.069626 10.477000
0.071681 10.476000
0.073737 10.474000
0.075793 10.473000
0.077849 10.471000
0.079906 10.470000
0.081963 10.468000
0.084021 10.466000
0.086079 10.465000
0.088138 10.463000
0.090197 10.461000
0.092256 10.459000
0.094316 10.458000
0.096376 10.456000
0.098437 10.454000
0.100498 10.452000
0.102560 10.450000
0.104622 10.448000
0.106644 10.445000
0.108747 10.443000
0.110810 10.441000
0.112874 10.439000
0.114938 10.437000
0.117002 10.434000
0.119067 10.432000
0.121127 10.429000
0.123199 10.427000
0.125265 10.425000
0.127331 10.422000
0.129359 10.419000
0.131466 10.417000
0.133534 10.414000
0.135586 10.411000
0.137671 10.409000
0.139740 10.406000
0.141810 10.403000
0.143880 10.400000
0.145950 10.397000
0.147953 10.394000
0.150030 10.391000
0.152079 10.388000
0.154100 10.385000
0.156309 10.382000
0.158382 10.379000
0.160456 10.376000
0.162530 10.373000
0.164604 10.369000
0.166679 10.366000
0.168754 10.363000
0.170830 10.359000
0.172906 10.356000
0.174983 10.352000
0.177060 10.349000
0.179137 10.345000
0.181189 10.341000
0.183293 10.338000
0.185372 10.334000
0.187451 10.330000
0.189530 10.327000
0.191610 10.323000
0.193691 10.319000
0.195772 10.315000
0.197853 10.311000
0.199935 10.307000
0.202017 10.303000
0.204099 10.299000
0.206182 10.295000
0.208247 10.290000
0.210350 10.286000
0.212434 10.282000
0.214519 10.278000
0.216522 10.273000
0.218689 10.269000
0.220775 10.265000
0.222862 10.260000
0.224949 10.256000
0.227036 10.251000
0.229055 10.246000
0.231212 10.242000
0.233301 10.237000
0.235390 10.232000
0.237480 10.228000
0.239570 10.223000
0.241660 10.218000
0.243751 10.213000
0.245842 10.208000
0.247934 10.203000
0.250026 10.198000
0.252119 10.193000
0.254212 10.188000
0.256305 10.183000
0.258360 10.177000
0.260493 10.172000
0.262588 10.167000
0.264683 10.162000
0.266779 10.156000
0.268875 10.151000
0.270887 10.145000
0.273069 10.140000
0.275166 10.134000
0.277264 10.129000
0.279362 10.123000
0.281396 10.117000
0.283560 10.112000
0.285660 10.106000
0.287760 10.100000
0.289860 10.094000
0.291887 10.088000
0.294011 10.082000
0.296121 10.076000
0.298215 10.070000
0.300295 10.064000
0.302361 10.058000
0.304413 10.052000
0.306452 10.046000
0.308477 10.040000
0.310490 10.034000
0.312821 10.027000
0.315101 10.021000
0.317107 10.014000
0.319314 10.008000
0.321336 10.001000
0.323348 9.996000
0.325357 9.992000
0.327360 9.991000
0.329369 9.993000
0.331428 9.998000
0.333497 10.005000
0.335529 10.011000
0.337575 10.017000
0.339636 10.023000
0.341712 10.029000
0.343802 10.035000
0.345909 10.041000
0.348031 10.047000
0.350165 10.052000
0.352324 10.059000
0.354497 10.065000
0.356686 10.071000
0.358893 10.077000
0.361084 10.082000
0.363363 10.089000
0.365627 10.095000
0.367910 10.101000
0.370027 10.106000
0.372149 10.112000
0.374491 10.118000
0.376855 10.124000
0.378978 10.129000
0.381248 10.135000
0.383270 10.140000
0.385310 10.145000
0.387367 10.150000
0.389441 10.155000
0.391534 10.160000
0.393645 10.165000
0.395775 10.170000
0.397900 10.174000
0.400095 10.180000
0.402287 10.185000
0.404499 10.190000
0.406733 10.195000
0.408872 10.199000
0.411271 10.205000
0.413576 10.210000
0.415860 10.214000
0.418261 10.220000
0.420643 10.225000
0.422853 10.229000
0.425001 10.234000
0.427463 10.239000
0.429851 10.243000
0.431851 10.247000
0.433852 10.251000
0.435853 10.255000
0.437854 10.259000
0.439856 10.263000
0.441859 10.267000
0.443861 10.270000
0.445864 10.274000
0.447868 10.278000
0.449872 10.281000
0.451876 10.285000
0.453881 10.288000
0.455886 10.292000
0.457891 10.295000
0.459897 10.299000
0.461904 10.302000
0.463910 10.305000
0.465918 10.309000
0.467925 10.312000
0.469933 10.315000
0.471941 10.318000
0.473950 10.322000
0.475959 10.325000
0.477969 10.328000
0.479979 10.331000
0.481989 10.334000
0.484000 10.337000
0.486011 10.340000
0.488023 10.342000
0.490035 10.345000
0.492047 10.348000
0.494060 10.351000
0.496073 10.354000
0.498086 10.356000
0.500100 10.359000
0.502115 10.361000
0.504130 10.364000
0.506145 10.366000
0.508161 10.369000
0.510177 10.371000
0.512193 10.374000
0.514210 10.376000
0.516227 10.378000
0.518245 10.381000
0.520263 10.383000
0.522281 10.385000
0.524300 10.387000
0.526319 10.389000
0.528339 10.391000
0.530359 10.393000
0.532380 10.395000
0.534401 10.397000
0.536422 10.399000
0.538444 10.401000
0.540466 10.403000
0.542488 10.405000
0.544511 10.407000
0.546535 10.408000
0.548559 10.410000
0.550583 10.412000
0.552607 10.413000
0.554632 10.415000
0.556658 10.416000
0.558684 10.418000
0.560710 10.419000
0.562733 10.421000
0.564764 10.422000
0.566791 10.423000
0.568819 10.424000
0.570847 10.426000
0.572876 10.427000
0.574905 10.428000
0.576935 10.429000
0.578964 10.430000
0.580995 10.431000
0.583026 10.432000
0.585057 10.433000
0.587088 10.434000
0.589120 10.435000
0.591153 10.436000
0.593186 10.436000
0.595219 10.437000
0.597252 10.438000
0.599287 10.439000
0.601321 10.439000
0.603356 10.440000
0.605391 10.440000
0.607427 10.441000
0.609463 10.441000
0.611500 10.442000
0.613537 10.442000
0.615574 10.442000
0.617612 10.443000
0.619650 10.443000
0.621689 10.443000
0.623728 10.443000
0.625767 10.443000
0.627807 10.444000
0.629847 10.444000
0.631888 10.444000
0.633929 10.444000
0.635971 10.444000
0.638013 10.444000
0.640055 10.444000
0.642098 10.444000
0.644141 10.444000
0.646185 10.444000
0.648229 10.443000
0.650273 10.443000
0.652294 10.442000
0.654363 10.442000
0.656409 10.442000
0.658455 10.441000
0.660466 10.440000
0.662549 10.440000
0.664596 10.439000
0.666644 10.439000
0.668692 10.438000
0.670741 10.437000
0.672790 10.436000
0.674840 10.435000
0.676889 10.435000
0.678940 10.434000
0.680991 10.433000
0.683042 10.432000
0.685093 10.431000
0.687145 10.429000
0.689198 10.428000
0.691251 10.427000
0.693304 10.426000
0.695358 10.425000
0.697412 10.423000
0.699466 10.422000
0.701521 10.421000
0.703577 10.419000
0.705632 10.418000
0.707689 10.416000
0.709745 10.415000
0.711802 10.413000
0.713860 10.411000
0.715918 10.410000
0.717976 10.408000
0.720035 10.406000
0.722094 10.404000
0.724154 10.403000
0.726214 10.401000
0.728274 10.399000
0.730335 10.397000
0.732397 10.395000
0.734458 10.393000
0.736521 10.391000
0.738583 10.389000
0.740646 10.386000
0.742710 10.384000
0.744773 10.382000
0.746838 10.380000
0.748903 10.377000
0.750968 10.375000
0.753033 10.372000
0.755099 10.370000
0.757113 10.367000
0.759233 10.365000
0.761300 10.362000
0.763368 10.360000
0.765436 10.357000
0.767504 10.354000
0.769567 10.351000
0.771643 10.349000
0.773713 10.346000
0.775783 10.343000
0.777854 10.340000
0.779925 10.337000
0.781996 10.334000
0.784068 10.331000
0.786141 10.328000
0.788214 10.325000
0.790287 10.322000
0.792361 10.318000
0.794435 10.315000
0.796509 10.312000
0.798528 10.308000
0.800660 10.305000
0.802736 10.302000
0.804812 10.298000
0.806889 10.295000
0.808966 10.291000
0.810994 10.287000
0.813121 10.284000
0.815200 10.280000
0.817279 10.276000
0.819358 10.273000
0.821438 10.269000
0.823518 10.265000
0.825599 10.261000
0.827680 10.257000
0.829761 10.253000
0.831843 10.249000
0.833926 10.245000
0.836008 10.241000
0.838092 10.237000
0.840175 10.232000
0.842259 10.228000
0.844344 10.224000
0.846429 10.220000
0.848514 10.215000
0.850600 10.211000
0.852646 10.206000
0.854773 10.202000
0.856804 10.197000
0.858948 10.193000
0.861036 10.188000
0.863124 10.184000
0.865213 10.179000
0.867302 10.174000
0.869392 10.169000
0.871441 10.164000
0.873573 10.160000
0.875664 10.155000
0.877756 10.150000
0.879847 10.145000
0.881940 10.140000
0.884021 10.134000
0.886058 10.129000
0.888079 10.124000
0.890084 10.119000
0.892408 10.114000
0.894443 10.108000
0.896599 10.103000
0.898695 10.098000
0.900791 10.092000
0.902888 10.087000
0.904985 10.081000
0.907083 10.076000
0.909181 10.070000
0.911209 10.064000
0.913378 10.059000
0.915478 10.053000
0.917577 10.047000
0.919590 10.041000
0.921737 10.035000
0.923869 10.029000
0.925981 10.024000
0.928083 10.018000
0.930174 10.011000
0.932246 10.005000
0.934305 9.999000
0.936350 9.993000
0.938382 9.987000
0.940400 9.981000
0.942406 9.975000
0.944730 9.968000
0.947022 9.962000
0.949128 9.955000
0.951235 9.949000
0.953342 9.942000
0.955450 9.936000
0.957559 9.929000
0.959598 9.922000
0.961776 9.916000
0.963886 9.909000
0.965996 9.902000
0.968024 9.895000
0.970175 9.888000
0.972313 9.881000
0.974438 9.874000
0.976549 9.867000
0.978648 9.860000
0.980735 9.853000
0.982809 9.846000
0.984872 9.839000
0.986922 9.832000
0.988961 9.825000
0.990989 9.818000
0.993006 9.811000
0.995011 9.804000
0.997290 9.796000
0.999556 9.788000
1.001807 9.780000
1.004045 9.772000
1.006172 9.765000
1.008207 9.757000
1.010408 9.749000
1.012530 9.742000
1.014650 9.734000
1.016667 9.726000
1.018821 9.718000
1.020963 9.710000
1.023094 9.702000
1.025214 9.694000
1.027322 9.686000
1.029419 9.678000
1.031506 9.670000
1.033582 9.662000
1.035647 9.654000
1.037702 9.646000
1.039747 9.638000
1.041782 9.630000
1.043808 9.622000
1.045823 9.614000
1.047829 9.606000
1.050075 9.597000
1.052309 9.588000
1.054531 9.579000
1.056742 9.570000
1.058942 9.561000
1.061130 9.552000
1.063308 9.543000
1.065475 9.534000
1.067632 9.525000
1.069778 9.516000
1.071914 9.507000
1.074040 9.498000
1.076156 9.489000
1.078262 9.480000
1.080359 9.471000
1.082445 9.462000
1.084523 9.453000
1.086591 9.444000
1.088650 9.435000
1.090701 9.426000
1.092742 9.417000
1.094774 9.408000
1.096798 9.399000
1.098813 9.390000
1.100820 9.381000
1.103040 9.371000
1.105182 9.362000
1.107230 9.352000
1.109421 9.342000
1.111602 9.332000
1.113745 9.323000
1.115887 9.313000
1.118030 9.303000
1.120172 9.293000
1.122316 9.283000
1.124459 9.273000
1.126604 9.263000
1.128715 9.252000
1.130814 9.242000
1.132904 9.232000
1.134986 9.222000
1.137059 9.212000
1.139125 9.202000
1.141182 9.192000
1.143231 9.182000
1.145272 9.172000
1.147305 9.162000
1.149330 9.152000
1.151348 9.142000
1.153358 9.132000
1.155361 9.122000
1.157555 9.111000
1.159741 9.100000
1.161917 9.089000
1.164085 9.078000
1.166245 9.067000
1.168396 9.056000
1.170538 9.045000
1.172673 9.034000
1.174799 9.023000
1.176917 9.012000
1.179027 9.001000
1.181030 8.992000
1.183035 8.985000
1.185041 8.984000
1.187046 8.990000
1.189215 9.000000
1.191289 9.010000
1.193372 9.020000
1.195464 9.030000
1.197566 9.040000
1.199677 9.050000
1.201798 9.060000
1.203929 9.070000
1.206070 9.080000
1.208221 9.090000
1.210382 9.100000
1.212554 9.110000
1.214737 9.120000
1.216930 9.130000
1.219134 9.140000
1.221155 9.149000
1.223353 9.159000
1.225365 9.168000
1.227387 9.177000
1.229418 9.186000
1.231459 9.195000
1.233510 9.204000
1.235570 9.213000
1.237640 9.222000
1.239708 9.230000
1.241812 9.240000
1.243914 9.249000
1.246026 9.258000
1.248149 9.267000
1.250282 9.276000
1.252422 9.284000
1.254584 9.294000
1.256751 9.303000
1.258931 9.312000
1.261122 9.321000
1.263193 9.329000
1.265294 9.338000
1.267520 9.347000
1.269760 9.356000
1.271761 9.364000
1.273772 9.372000
1.275794 9.380000
1.277826 9.388000
1.279861 9.395000
1.281924 9.404000
1.283989 9.412000
1.286066 9.420000
1.288154 9.428000
1.290254 9.436000
1.292366 9.444000
1.294489 9.452000
1.296557 9.459000
1.298774 9.468000
1.300935 9.476000
1.303110 9.484000
1.305297 9.492000
1.307375 9.499000
1.309435 9.507000
1.311662 9.515000
1.313902 9.523000
1.316157 9.531000
1.318205 9.538000
1.320426 9.546000
1.322436 9.553000
1.324458 9.560000
1.326493 9.567000
1.328539 9.574000
1.330598 9.581000
1.332670 9.588000
1.334754 9.595000
1.336852 9.602000
1.338913 9.608000
1.341089 9.616000
1.343229 9.623000
1.345382 9.630000
1.347550 9.637000
1.349733 9.644000
1.351754 9.650000
1.353828 9.657000
1.356056 9.664000
1.358299 9.671000
1.360559 9.678000
1.362632 9.684000
1.364801 9.691000
1.367110 9.698000
1.369437 9.705000
1.371447 9.711000
1.373470 9.717000
1.375504 9.722000
1.377558 9.729000
1.379625 9.735000
1.381706 9.741000
1.383803 9.747000
1.385915 9.753000
1.388043 9.759000
1.390188 9.765000
1.392349 9.771000
1.394527 9.777000
1.396724 9.783000
1.398938 9.789000
1.401170 9.795000
1.403283 9.800000
1.405312 9.806000
1.407600 9.812000
1.409908 9.818000
1.412228 9.823000
1.414587 9.830000
1.416959 9.836000
1.419191 9.841000
1.421367 9.847000
1.423397 9.852000
1.425444 9.857000
1.427509 9.862000
1.429591 9.867000
1.431692 9.872000
1.433812 9.877000
1.435951 9.882000
1.438110 9.887000
1.440110 9.891000
1.442490 9.897000
1.444712 9.902000
1.446957 9.907000
1.449088 9.911000
1.451516 9.917000
1.453831 9.922000
1.456077 9.926000
1.458540 9.932000
1.460934 9.937000
1.463071 9.941000
1.465315 9.946000
1.467790 9.951000
1.469792 9.955000
1.471815 9.959000
1.473858 9.963000
1.475923 9.967000
1.478011 9.971000
1.480076 9.974000
1.482078 9.978000
1.484081 9.982000
1.486085 9.986000
1.488088 9.989000
1.490092 9.993000
1.492097 9.996000
1.494102 10.000000
1.496107 10.003000
1.498113 10.007000
1.500119 10.010000
1.502126 10.014000
1.504132 10.017000
1.506140 10.020000
1.508147 10.023000
1.510156 10.027000
1.512164 10.030000
1.514173 10.033000
1.516182 10.036000
1.518192 10.039000
1.520202 10.042000
1.522213 10.045000
1.524224 10.048000
1.526235 10.051000
1.528247 10.054000
1.530259 10.056000
1.532272 10.059000
1.534285 10.062000
1.536298 10.065000
1.538312 10.067000
1.540326 10.070000
1.542341 10.072000
1.544356 10.075000
1.546371 10.077000
1.548387 10.080000
1.550403 10.082000
1.552420 10.085000
1.554437 10.087000
1.556454 10.089000
1.558472 10.092000
1.560490 10.094000
1.562509 10.096000
1.564528 10.098000
1.566548 10.100000
1.568568 10.102000
1.570588 10.104000
1.572609 10.106000
1.574630 10.108000
1.576651 10.110000
1.578673 10.112000
1.580696 10.114000
1.582718 10.115000
1.584741 10.117000
1.586765 10.119000
1.588789 10.121000
1.590813 10.122000
1.592838 10.124000
1.594863 10.125000
1.596889 10.127000
1.598915 10.128000
1.600942 10.130000
1.602968 10.131000
1.604996 10.132000
1.607023 10.134000
1.609051 10.135000
1.611080 10.136000
1.613109 10.137000
1.615138 10.138000
1.617168 10.139000
1.619198 10.140000
1.621229 10.141000
1.623260 10.142000
1.625291 10.143000
1.627323 10.144000
1.629355 10.145000
1.631388 10.146000
1.633421 10.147000
1.635454 10.147000
1.637488 10.148000
1.639522 10.149000
1.641557 10.149000
1.643592 10.150000
1.645628 10.150000
1.647663 10.151000
1.649700 10.151000
1.651737 10.152000
1.653774 10.152000
1.655811 10.152000
1.657849 10.153000
1.659888 10.153000
1.661927 10.153000
1.663966 10.153000
1.666006 10.153000
1.668046 10.153000
1.670086 10.153000
1.672127 10.153000
1.674168 10.153000
1.676210 10.153000
1.678252 10.153000
1.680295 10.153000
1.682338 10.153000
1.684381 10.153000
1.686425 10.153000
1.688469 10.153000
1.690514 10.152000
1.692559 10.152000
1.694605 10.152000
1.696651 10.151000
1.698697 10.151000
1.700744 10.150000
1.702791 10.149000
1.704839 10.149000
1.706887 10.148000
1.708935 10.147000
1.710984 10.146000
1.713033 10.146000
1.715083 10.145000
1.717133 10.144000
1.719184 10.143000
1.721235 10.142000
1.723286 10.141000
1.725338 10.140000
1.727390 10.139000
1.729399 10.137000
1.731496 10.136000
1.733549 10.135000
1.735603 10.134000
1.737657 10.132000
1.739712 10.131000
1.741767 10.130000
1.743823 10.128000
1.745879 10.127000
1.747935 10.125000
1.749992 10.124000
1.752050 10.122000
1.754107 10.120000
1.756165 10.119000
1.758224 10.117000
1.760283 10.115000
1.762342 10.113000
1.764402 10.111000
1.766463 10.110000
1.768523 10.108000
1.770584 10.106000
1.772646 10.104000
1.774690 10.101000
1.776770 10.099000
1.778833 10.097000
1.780896 10.095000
1.782960 10.093000
1.785019 10.090000
1.787089 10.088000
1.789154 10.086000
1.791219 10.083000
1.793285 10.081000
1.795321 10.078000
1.797418 10.076000
1.799485 10.073000
1.801552 10.071000
1.803620 10.068000
1.805688 10.065000
1.807757 10.063000
1.809826 10.060000
1.811896 10.057000
1.813966 10.054000
1.816037 10.051000
1.818108 10.048000
1.820179 10.045000
1.822251 10.042000
1.824323 10.039000
1.826396 10.036000
1.828469 10.033000
1.830542 10.030000
1.832600 10.026000
1.834690 10.023000
1.836765 10.020000
1.838831 10.016000
1.840916 10.013000
1.842992 10.010000
1.845069 10.006000
1.847146 10.003000
1.849223 9.999000
1.851223 9.995000
1.853379 9.992000
1.855458 9.988000
1.857537 9.984000
1.859582 9.980000
1.861696 9.977000
1.863777 9.973000
1.865858 9.969000
1.867939 9.965000
1.870021 9.961000
1.872103 9.957000
1.874185 9.953000
1.876268 9.949000
1.878288 9.944000
1.880436 9.940000
1.882520 9.936000
1.884605 9.932000
1.886690 9.927000
1.888776 9.923000
1.890821 9.918000
1.892948 9.914000
1.894998 9.909000
1.897122 9.905000
1.899210 9.900000
1.901298 9.896000
1.903387 9.891000
1.905476 9.886000
1.907528 9.881000
1.909656 9.877000
1.911746 9.872000
1.913837 9.867000
1.915928 9.862000
1.918020 9.857000
1.920112 9.852000
1.922205 9.847000
1.924298 9.842000
1.926391 9.837000
1.928409 9.831000
1.930579 9.826000
1.932674 9.821000
1.934747 9.815000
1.936865 9.810000
1.938961 9.805000
1.941058 9.799000
1.943155 9.794000
1.945252 9.788000
1.947350 9.783000
1.949448 9.777000
1.951449 9.771000
1.953646 9.766000
1.955746 9.760000
1.957846 9.754000
1.959947 9.748000
1.962047 9.742000
1.964065 9.736000
1.966175 9.730000
1.968270 9.724000
1.970350 9.718000
1.972416 9.712000
1.974468 9.706000
1.976507 9.700000
1.978533 9.694000
1.980545 9.688000
1.982877 9.681000
1.985187 9.675000
1.987293 9.668000
1.989400 9.662000
1.991507 9.655000
1.993615 9.649000
1.995723 9.642000
1.997794 9.635000
1.999940 9.629000
2.002050 9.622000
2.004074 9.615000
2.006245 9.608000
2.008380 9.602000
2.010492 9.595000
2.012603 9.588000
2.014715 9.581000
2.016828 9.574000
2.018941 9.567000
2.021054 9.560000
2.023139 9.552000
2.025195 9.545000
2.027240 9.538000
2.029273 9.531000
2.031294 9.524000
2.033305 9.517000
2.035590 9.509000
2.037861 9.501000
2.040095 9.494000
2.042212 9.486000
2.044313 9.478000
2.046450 9.471000
2.048463 9.463000
2.050659 9.455000
2.052808 9.448000
2.054929 9.440000
2.057050 9.432000
2.059171 9.424000
2.061187 9.416000
2.063312 9.408000
2.065426 9.400000
2.067529 9.392000
2.069622 9.384000
2.071703 9.376000
2.073774 9.368000
2.075835 9.360000
2.077885 9.352000
2.079926 9.344000
2.081956 9.336000
2.083977 9.328000
2.085988 9.320000
2.087990 9.312000
2.090230 9.303000
2.092459 9.294000
2.094676 9.285000
2.096883 9.276000
2.099078 9.267000
2.101262 9.258000
2.103435 9.249000
2.105598 9.240000
2.107750 9.231000
2.109892 9.222000
2.112024 9.213000
2.114145 9.204000
2.116257 9.195000
2.118359 9.186000
2.120452 9.177000
2.122535 9.168000
2.124608 9.159000
2.126673 9.150000
2.128728 9.141000
2.130775 9.132000
2.132812 9.123000
2.134841 9.114000
2.136861 9.105000
2.138873 9.096000
2.140876 9.087000
2.143092 9.077000
2.145298 9.067000
2.147494 9.057000
2.149681 9.047000
2.151857 9.037000
2.154024 9.027000
2.156177 9.018000
2.158319 9.008000
2.160337 8.998000
2.162337 8.990000
2.164339 8.986000
2.166346 8.987000
2.168358 8.993000
2.170539 9.003000
2.172613 9.012000
2.174698 9.021000
2.176749 9.029000
2.178900 9.039000
2.181016 9.048000
2.183144 9.057000
2.185282 9.066000
2.187432 9.075000
2.189467 9.083000
2.191523 9.092000
2.193706 9.101000
2.195901 9.110000
2.198108 9.119000
2.200241 9.127000
2.202310 9.136000
2.204553 9.145000
2.206558 9.153000
2.208573 9.161000
2.210599 9.169000
2.212635 9.177000
2.214682 9.185000
2.216740 9.193000
2.218809 9.201000
2.220841 9.208000
2.222981 9.217000
2.225085 9.225000
2.227201 9.233000
2.229329 9.241000
2.231470 9.249000
2.233615 9.256000
2.235788 9.265000
2.237967 9.273000
2.240159 9.281000
2.242364 9.289000
2.244436 9.296000
2.246537 9.304000
2.248783 9.312000
2.251043 9.320000
2.253299 9.327000
2.255321 9.335000
2.257336 9.342000
2.259363 9.349000
2.261402 9.356000
2.263453 9.363000
2.265517 9.370000
2.267594 9.377000
2.269684 9.384000
2.271787 9.391000
2.273904 9.398000
2.275984 9.404000
2.278180 9.412000
2.280339 9.419000
2.282513 9.426000
2.284702 9.433000
2.286851 9.439000
2.289126 9.447000
2.291362 9.454000
2.293614 9.461000
2.295751 9.467000
2.297842 9.474000
2.300143 9.481000
2.302461 9.488000
2.304463 9.494000
2.306479 9.500000
2.308508 9.506000
2.310552 9.512000
2.312585 9.517000
2.314683 9.524000
2.316772 9.530000
2.318875 9.536000
2.320995 9.542000
2.323131 9.548000
2.325283 9.554000
2.327452 9.560000
2.329638 9.566000
2.331843 9.572000
2.334065 9.578000
2.336306 9.584000
2.338385 9.589000
2.340465 9.595000
2.342762 9.601000
2.345079 9.607000
2.347331 9.612000
2.349382 9.618000
2.351761 9.624000
2.354163 9.630000
2.356182 9.635000
2.358218 9.640000
2.360268 9.644000
2.362342 9.650000
2.364431 9.655000
2.366538 9.660000
2.368665 9.665000
2.370811 9.670000
2.372977 9.675000
2.375163 9.680000
2.377210 9.684000
2.379601 9.690000
2.381854 9.695000
2.384129 9.700000
2.386191 9.704000
2.388287 9.709000
2.390632 9.714000
2.393003 9.719000
2.395181 9.723000
2.397340 9.728000
2.399790 9.733000
2.402178 9.737000
2.404178 9.741000
2.406178 9.745000
2.408179 9.749000
2.410181 9.753000
2.412182 9.757000
2.414184 9.761000
2.416187 9.764000
2.418190 9.768000
2.420193 9.772000
2.422197 9.775000
2.424201 9.779000
2.426205 9.783000
2.428210 9.786000
2.430216 9.790000
2.432221 9.793000
2.434227 9.796000
2.436234 9.800000
2.438241 9.803000
2.440248 9.806000
2.442256 9.810000
2.444264 9.813000
2.446273 9.816000
2.448282 9.819000
2.450291 9.822000
2.452301 9.825000
2.454311 9.828000
2.456321 9.831000
2.458332 9.834000
2.460344 9.837000
2.462355 9.840000
2.464368 9.843000
2.466380 9.845000
2.468393 9.848000
2.470407 9.851000
2.472420 9.854000
2.474435 9.856000
2.476449 9.859000
2.478464 9.861000
2.480480 9.864000
2.482495 9.866000
2.484512 9.869000
2.486528 9.871000
2.488545 9.873000
2.490563 9.876000
2.492581 9.878000
2.494599 9.880000
2.496618 9.882000
2.498637 9.884000
2.500656 9.886000
2.502676 9.888000
2.504696 9.890000
2.506717 9.892000
2.508738 9.894000
2.510760 9.896000
2.512782 9.898000
2.514804 9.900000
2.516827 9.902000
2.518850 9.903000
2.520873 9.905000
2.522897 9.907000
2.524922 9.908000
2.526947 9.910000
2.528972 9.911000
2.530997 9.913000
2.533024 9.914000
2.535050 9.916000
2.537077 9.917000
2.539104 9.919000
2.541132 9.920000
2.543160 9.921000
2.545188 9.922000
2.547217 9.923000
2.549247 9.925000
2.551276 9.926000
2.553306 9.927000
2.555337 9.928000
2.557368 9.929000
2.559399 9.930000
2.561431 9.930000
2.563463 9.931000
2.565496 9.932000
2.567529 9.933000
2.569563 9.934000
2.571596 9.934000
2.573631 9.935000
2.575665 9.936000
2.577700 9.936000
2.579736 9.937000
2.581772 9.937000
2.583808 9.938000
2.585845 9.938000
2.587882 9.938000
2.589920 9.939000
2.591958 9.939000
2.593996 9.939000
2.596035 9.939000
2.598074 9.939000
2.600114 9.940000
2.602154 9.940000
2.604195 9.940000
2.606236 9.940000
2.608277 9.940000
2.610319 9.940000
2.612361 9.940000
2.614403 9.940000
2.616446 9.940000
2.618490 9.940000
2.620534 9.939000
2.622578 9.939000
2.624623 9.939000
2.626668 9.938000
2.628713 9.938000
2.630759 9.937000
2.632805 9.937000
2.634852 9.936000
2.636899 9.936000
2.638947 9.935000
2.640995 9.934000
2.643043 9.933000
2.645092 9.933000
2.647142 9.932000
2.649191 9.931000
2.651241 9.930000
2.653292 9.929000
2.655343 9.928000
2.657394 9.927000
2.659446 9.926000
2.661498 9.925000
2.663551 9.924000
2.665604 9.923000
2.667658 9.921000
2.669712 9.920000
2.671766 9.919000
2.673821 9.917000
2.675876 9.916000
2.677931 9.914000
2.679987 9.913000
2.682044 9.911000
2.684101 9.910000
2.686158 9.908000
2.688216 9.907000
2.690274 9.905000
2.692332 9.903000
2.694391 9.901000
2.696451 9.900000
2.698511 9.898000
2.700571 9.896000
2.702632 9.894000
2.704693 9.892000
2.706754 9.890000
2.708816 9.888000
2.710879 9.886000
2.712910 9.883000
2.715005 9.881000
2.717068 9.879000
2.719132 9.877000
2.721133 9.874000
2.723262 9.872000
2.725327 9.870000
2.727393 9.867000
2.729459 9.865000
2.731526 9.862000
2.733593 9.860000
2.735661 9.857000
2.737728 9.854000
2.739797 9.852000
2.741866 9.849000
2.743935 9.846000
2.746004 9.843000
2.748021 9.840000
2.750145 9.838000
2.752216 9.835000
2.754287 9.832000
2.756359 9.829000
2.758405 9.825000
2.760504 9.822000
2.762577 9.819000
2.764651 9.816000
2.766725 9.813000
2.768763 9.809000
2.770874 9.806000
2.772949 9.803000
2.775025 9.799000
2.777101 9.796000
2.779177 9.792000
2.781254 9.789000
2.783332 9.785000
2.785409 9.782000
2.787488 9.778000
2.789566 9.774000
2.791639 9.770000
2.793725 9.767000
2.795805 9.763000
2.797885 9.759000
2.799966 9.755000
2.802047 9.751000
2.804129 9.747000
2.806211 9.743000
2.808294 9.739000
2.810377 9.735000
2.812460 9.731000
2.814498 9.726000
2.816628 9.722000
2.818713 9.718000
2.820795 9.713000
2.822884 9.709000
2.824970 9.705000
2.827057 9.700000
2.829143 9.696000
2.831231 9.691000
2.833319 9.687000
2.835407 9.682000
2.837495 9.677000
2.839560 9.672000
2.841674 9.668000
2.843764 9.663000
2.845855 9.658000
2.847945 9.653000
2.850037 9.648000
2.852128 9.643000
2.854221 9.638000
2.856313 9.633000
2.858406 9.628000
2.860500 9.623000
2.862594 9.618000
2.864616 9.612000
2.866783 9.607000
2.868878 9.602000
2.870905 9.596000
2.873070 9.591000
2.875144 9.585000
2.877263 9.580000
2.879319 9.574000
2.881459 9.569000
2.883557 9.563000
2.885651 9.557000
2.887755 9.552000
2.889854 9.546000
2.891954 9.540000
2.894001 9.534000
2.896140 9.528000
2.898257 9.523000
2.900359 9.517000
2.902461 9.511000
2.904547 9.504000
2.906612 9.498000
2.908664 9.492000
2.910702 9.486000
2.912727 9.480000
2.914739 9.474000
2.917070 9.467000
2.919296 9.461000
2.921355 9.454000
2.923509 9.448000
2.925583 9.441000
2.927723 9.435000
2.929757 9.428000
2.931940 9.422000
2.934049 9.415000
2.936078 9.408000
2.938262 9.401000
2.940378 9.395000
2.942489 9.388000
2.944600 9.381000
2.946712 9.374000
2.948824 9.367000
2.950936 9.360000
2.953049 9.353000
2.955162 9.346000
2.957276 9.339000
2.959379 9.331000
2.961423 9.324000
2.963455 9.317000
2.965476 9.310000
2.967487 9.303000
2.969771 9.295000
2.972041 9.287000
2.974203 9.280000
2.976261 9.272000
2.978439 9.265000
2.980558 9.257000
2.982642 9.249000
2.984797 9.242000
2.986917 9.234000
2.988919 9.226000
2.991079 9.218000
2.993227 9.210000
2.995363 9.202000
2.997488 9.194000
2.999602 9.186000
3.001705 9.178000
3.003797 9.170000
3.005878 9.162000
3.007949 9.154000
3.010009 9.146000
3.012059 9.138000
3.014099 9.130000
3.016129 9.122000
3.018149 9.114000
3.020160 9.106000
3.022162 9.098000
3.024402 9.089000
3.026630 9.080000
3.028847 9.071000
3.031053 9.062000
3.033248 9.053000
3.035432 9.044000
3.037605 9.035000
3.039767 9.026000
3.041919 9.017000
3.044061 9.008000
3.046192 8.999000
3.048199 8.992000
3.050207 8.988000
3.052208 8.987000
3.054214 8.993000
3.056217 9.001000
3.058236 9.009000
3.060265 9.017000
3.062306 9.025000
3.064357 9.033000
3.066419 9.041000
3.068492 9.049000
3.070577 9.057000
3.072673 9.065000
3.074782 9.073000
3.076902 9.081000
3.079035 9.089000
3.081180 9.097000
3.083337 9.105000
3.085477 9.112000
3.087692 9.121000
3.089889 9.129000
3.092099 9.137000
3.094323 9.145000
3.096562 9.153000
3.098815 9.161000
3.101083 9.169000
3.103196 9.176000
3.105375 9.184000
3.107396 9.191000
3.109430 9.198000
3.111476 9.205000
3.113535 9.212000
3.115606 9.219000
3.117690 9.226000
3.119787 9.233000
3.121898 9.240000
3.123909 9.246000
3.126162 9.254000
3.128315 9.261000
3.130482 9.268000
3.132665 9.275000
3.134775 9.281000
3.137076 9.289000
3.139305 9.296000
3.141550 9.303000
3.143674 9.309000
3.145763 9.316000
3.148057 9.323000
3.150368 9.330000
3.152582 9.336000
3.154708 9.343000
3.156732 9.349000
3.158771 9.355000
3.160825 9.361000
3.162893 9.367000
3.164976 9.373000
3.167074 9.379000
3.169188 9.385000
3.171318 9.391000
3.173396 9.396000
3.175628 9.403000
3.177809 9.409000
3.180007 9.415000
3.182223 9.421000
3.184317 9.426000
3.186335 9.432000
3.188605 9.438000
3.190895 9.444000
3.193205 9.450000
3.195249 9.455000
3.197495 9.461000
3.199866 9.467000
3.202212 9.472000
3.204272 9.478000
3.206301 9.483000
3.208348 9.488000
3.210411 9.493000
3.212493 9.498000
3.214593 9.503000
3.216711 9.508000
3.218849 9.513000
3.221007 9.518000
3.223131 9.522000
3.225385 9.528000
3.227606 9.533000
3.229849 9.538000
3.232109 9.542000
3.234405 9.548000
3.236720 9.553000
3.239059 9.558000
3.241095 9.562000
3.243337 9.567000
3.245752 9.572000
3.248091 9.576000
3.250171 9.581000
3.252669 9.586000
3.254690 9.590000
3.256733 9.594000
3.258796 9.598000
3.260882 9.602000
3.262991 9.606000
3.265099 9.609000
3.267102 9.613000
3.269105 9.617000
3.271109 9.620000
3.273113 9.624000
3.275118 9.628000
3.277123 9.631000
3.279128 9.635000
3.281134 9.638000
3.283140 9.641000
3.285146 9.645000
3.287153 9.648000
3.289160 9.651000
3.291168 9.655000
3.293176 9.658000
3.295185 9.661000
3.297194 9.664000
3.299203 9.667000
3.301213 9.670000
3.303223 9.673000
3.305234 9.676000
3.307245 9.679000
3.309256 9.682000
3.311268 9.685000
3.313280 9.688000
3.315288 9.691000
3.317305 9.693000
3.319319 9.696000
3.321333 9.699000
3.323347 9.701000
3.325361 9.704000
3.327376 9.706000
3.329392 9.709000
3.331408 9.711000
3.333424 9.714000
3.335441 9.716000
3.337458 9.718000
3.339475 9.721000
3.341493 9.723000
3.343511 9.725000
3.345530 9.727000
3.347549 9.729000
3.349568 9.731000
3.351576 9.734000
3.353585 9.736000
3.355629 9.737000
3.357650 9.739000
3.359672 9.741000
3.361694 9.743000
3.363716 9.745000
3.365739 9.747000
3.367762 9.748000
3.369786 9.750000
3.371810 9.752000
3.373834 9.753000
3.375859 9.755000
3.377884 9.757000
3.379910 9.758000
3.381936 9.759000
3.383962 9.761000
3.385989 9.762000
3.388016 9.764000
3.390044 9.765000
3.392072 9.766000
3.394101 9.767000
3.396130 9.768000
3.398159 9.770000
3.400189 9.771000
3.402219 9.772000
3.404249 9.773000
3.406280 9.774000
3.408312 9.775000
3.410329 9.776000
3.412376 9.776000
3.414408 9.777000
3.416441 9.778000
3.418475 9.779000
3.420509 9.779000
3.422543 9.780000
3.424578 9.781000
3.426613 9.781000
3.428648 9.782000
3.430684 9.782000
3.432721 9.783000
3.434757 9.783000
3.436794 9.783000
3.438832 9.784000
3.440870 9.784000
3.442908 9.784000
3.444947 9.784000
3.446987 9.784000
3.449026 9.785000
3.451066 9.785000
3.453107 9.785000
3.455148 9.785000
3.457189 9.785000
3.459231 9.785000
3.461273 9.785000
3.463316 9.785000
3.465359 9.785000
3.467402 9.785000
3.469446 9.784000
3.471490 9.784000
3.473535 9.784000
3.475580 9.783000
3.477625 9.783000
3.479671 9.782000
3.481718 9.782000
3.483764 9.781000
3.485812 9.781000
3.487859 9.780000
3.489907 9.779000
3.491956 9.779000
3.494005 9.778000
3.496054 9.777000
3.498104 9.776000
3.500154 9.775000
3.502204 9.774000
3.504255 9.773000
3.506307 9.772000
3.508358 9.771000
3.510411 9.770000
3.512463 9.769000
3.514516 9.768000
3.516570 9.766000
3.518624 9.765000
3.520678 9.764000
3.522733 9.762000
3.524788 9.761000
3.526822 9.759000
3.528900 9.758000
3.530905 9.756000
3.533013 9.755000
3.535070 9.753000
3.537128 9.752000
3.539186 9.750000
3.541245 9.748000
3.543304 9.746000
3.545363 9.745000
3.547423 9.743000
3.549483 9.741000
3.551544 9.739000
3.553605 9.737000
3.555667 9.735000
3.557729 9.733000
3.559791 9.731000
3.561851 9.728000
3.563917 9.726000
3.565981 9.724000
3.568045 9.722000
3.570072 9.719000
3.572174 9.717000
3.574240 9.715000
3.576305 9.712000
3.578372 9.710000
3.580438 9.707000
3.582505 9.705000
3.584573 9.702000
3.586641 9.699000
3.588709 9.697000
3.590778 9.694000
3.592847 9.691000
3.594917 9.688000
3.596955 9.685000
3.599057 9.683000
3.601128 9.680000
3.603200 9.677000
3.605271 9.674000
3.607337 9.670000
3.609416 9.667000
3.611489 9.664000
3.613563 9.661000
3.615637 9.658000
3.617694 9.654000
3.619786 9.651000
3.621861 9.648000
3.623937 9.644000
3.626013 9.641000
3.628030 9.637000
3.630166 9.634000
3.632244 9.630000
3.634322 9.627000
3.636400 9.623000
3.638479 9.619000
3.640558 9.616000
3.642637 9.612000
3.644717 9.608000
3.646798 9.604000
3.648878 9.600000
3.650960 9.596000
3.653041 9.592000
3.655124 9.588000
3.657206 9.584000
3.659289 9.580000
3.661373 9.576000
3.663425 9.571000
3.665541 9.567000
3.667625 9.563000
3.669711 9.559000
3.671796 9.554000
3.673882 9.550000
3.675969 9.545000
3.678056 9.541000
3.680143 9.536000
3.682231 9.532000
3.684319 9.527000
3.686408 9.522000
3.688485 9.517000
3.690586 9.513000
3.692676 9.508000
3.694767 9.503000
3.696858 9.498000
3.698949 9.493000
3.701041 9.488000
3.703133 9.483000
3.705225 9.478000
3.707318 9.473000
3.709412 9.468000
3.711506 9.463000
3.713540 9.457000
3.715695 9.452000
3.717790 9.447000
3.719829 9.441000
3.721982 9.436000
3.724068 9.430000
3.726175 9.425000
3.728243 9.419000
3.730371 9.414000
3.732469 9.408000
3.734568 9.403000
3.736667 9.397000
3.738767 9.391000
3.740769 9.385000
3.742924 9.379000
3.745063 9.373000
3.747170 9.368000
3.749271 9.362000
3.751374 9.356000
3.753469 9.349000
3.755535 9.343000
3.757587 9.337000
3.759625 9.331000
3.761649 9.325000
3.763661 9.319000
3.765993 9.312000
3.768208 9.306000
3.770277 9.299000
3.772421 9.293000
3.774505 9.286000
3.776636 9.280000
3.778679 9.273000
3.780852 9.267000
3.782961 9.260000
3.784999 9.253000
3.787180 9.247000
3.789290 9.240000
3.791401 9.233000
3.793512 9.226000
3.795624 9.219000
3.797736 9.212000
3.799848 9.205000
3.801961 9.198000
3.804075 9.191000
3.806189 9.184000
3.808300 9.176000
3.810344 9.169000
3.812376 9.162000
3.814397 9.155000
3.816407 9.148000
3.818692 9.140000
3.820962 9.132000
3.823115 9.125000
3.825182 9.117000
3.827351 9.110000
3.829355 9.102000
3.831563 9.094000
3.833709 9.087000
3.835829 9.079000
3.837839 9.071000
3.839999 9.063000
3.842147 9.055000
3.844283 9.047000
3.846408 9.039000
3.848522 9.031000
3.850625 9.023000
3.852717 9.015000
3.854798 9.007000
3.856869 8.999000
3.858929 8.991000
3.860979 8.983000
3.863019 8.975000
3.865049 8.967000
3.867069 8.959000
3.869080 8.951000
3.871081 8.943000
3.873321 8.934000
3.875550 8.925000
3.877767 8.916000
3.879973 8.907000
3.882168 8.898000
3.884351 8.889000
3.886524 8.880000
3.888687 8.871000
3.890839 8.862000
3.892980 8.853000
3.895112 8.844000
3.897233 8.835000
3.899345 8.826000
3.901446 8.817000
3.903539 8.808000
3.905621 8.799000
3.907695 8.790000
3.909759 8.781000
3.911814 8.772000
3.913860 8.763000
3.915897 8.754000
3.917926 8.745000
3.919935 8.737000
3.921957 8.727000
3.923960 8.718000
3.926176 8.708000
3.928382 8.698000
3.930578 8.688000
3.932764 8.678000
3.934914 8.669000
3.937055 8.659000
3.939198 8.649000
3.941340 8.639000
3.943483 8.629000
3.945627 8.619000
3.947771 8.609000
3.949913 8.598000
3.952016 8.588000
3.954110 8.578000
3.956196 8.568000
3.958274 8.558000
3.960343 8.548000
3.962404 8.538000
3.964457 8.528000
3.966502 8.518000
3.968539 8.508000
3.970568 8.498000
3.972590 8.488000
3.974604 8.478000
3.976610 8.468000
3.978809 8.457000
3.980998 8.446000
3.983179 8.435000
3.985350 8.424000
3.987514 8.413000
3.989668 8.402000
3.991815 8.391000
3.993953 8.380000
3.996083 8.369000
3.998204 8.358000
4.000318 8.347000
4.002424 8.336000
4.004522 8.325000
4.006612 8.314000
4.008695 8.303000
4.010770 8.292000
4.012837 8.281000
4.014897 8.270000
4.016950 8.259000
4.018996 8.248000
4.021034 8.237000
4.023066 8.226000
4.025090 8.215000
4.027107 8.204000
4.029117 8.193000
4.031121 8.182000
4.033299 8.170000
4.035469 8.158000
4.037632 8.146000
4.039786 8.134000
4.041933 8.122000
4.044073 8.110000
4.046205 8.098000
4.048329 8.086000
4.050446 8.074000
4.052556 8.062000
4.054659 8.050000
4.056755 8.038000
4.058811 8.027000
4.060925 8.014000
4.062999 8.002000
4.065004 7.991000
4.067006 7.984000
4.069011 7.983000
4.071012 7.988000
4.073099 7.998000
4.075250 8.009000
4.077339 8.021000
4.079429 8.032000
4.081528 8.043000
4.083636 8.054000
4.085752 8.065000
4.087844 8.075000
4.090012 8.087000
4.092155 8.098000
4.094308 8.109000
4.096470 8.120000
4.098512 8.130000
4.100625 8.141000
4.102816 8.152000
4.105016 8.163000
4.107025 8.173000
4.109042 8.183000
4.111068 8.193000
4.113078 8.202000
4.115146 8.213000
4.117198 8.223000
4.119259 8.233000
4.121329 8.243000
4.123408 8.253000
4.125497 8.263000
4.127594 8.273000
4.129612 8.282000
4.131819 8.293000
4.133946 8.303000
4.136083 8.313000
4.138230 8.323000
4.140325 8.332000
4.142338 8.342000
4.144515 8.352000
4.146703 8.362000
4.148902 8.372000
4.151049 8.381000
4.153109 8.391000
4.155117 8.400000
4.157133 8.409000
4.159159 8.418000
4.161195 8.427000
4.163240 8.436000
4.165295 8.445000
4.167360 8.454000
4.169435 8.463000
4.171520 8.472000
4.173616 8.481000
4.175722 8.490000
4.177839 8.499000
4.179967 8.508000
4.182106 8.517000
4.184255 8.526000
4.186417 8.535000
4.188590 8.544000
4.190774 8.553000
4.192971 8.562000
4.195042 8.570000
4.197153 8.579000
4.199385 8.588000
4.201630 8.597000
4.203636 8.605000
4.205653 8.613000
4.207680 8.621000
4.209718 8.629000
4.211766 8.637000
4.213826 8.645000
4.215897 8.653000
4.217980 8.661000
4.220074 8.669000
4.222180 8.677000
4.224297 8.685000
4.226427 8.693000
4.228569 8.701000
4.230724 8.709000
4.232892 8.717000
4.235073 8.725000
4.237261 8.732000
4.239475 8.741000
4.241696 8.749000
4.243932 8.757000
4.246120 8.764000
4.248162 8.772000
4.250440 8.780000
4.252445 8.787000
4.254462 8.794000
4.256491 8.801000
4.258532 8.808000
4.260586 8.815000
4.262652 8.822000
4.264731 8.829000
4.266822 8.835000
4.268929 8.843000
4.271048 8.850000
4.273182 8.857000
4.275329 8.864000
4.277491 8.871000
4.279659 8.877000
4.281859 8.885000
4.284067 8.892000
4.286289 8.899000
4.288528 8.906000
4.290534 8.912000
4.292730 8.919000
4.295017 8.926000
4.297320 8.933000
4.299440 8.939000
4.301647 8.946000
4.303666 8.952000
4.305698 8.958000
4.307745 8.964000
4.309807 8.970000
4.311883 8.976000
4.313974 8.982000
4.316081 8.988000
4.318204 8.994000
4.320253 8.999000
4.322499 9.006000
4.324672 9.012000
4.326862 9.018000
4.329070 9.024000
4.331172 9.029000
4.333542 9.036000
4.335806 9.042000
4.338090 9.048000
4.340115 9.053000
4.342330 9.059000
4.344673 9.065000
4.347038 9.071000
4.349065 9.076000
4.351432 9.082000
4.353456 9.087000
4.355496 9.092000
4.357554 9.097000
4.359629 9.102000
4.361722 9.107000
4.363834 9.112000
4.365965 9.117000
4.367988 9.121000
4.370288 9.127000
4.372480 9.132000
4.374694 9.137000
4.376929 9.142000
4.378959 9.146000
4.381011 9.151000
4.383312 9.156000
4.385638 9.161000
4.387945 9.165000
4.390367 9.171000
4.392773 9.176000
4.394939 9.180000
4.397174 9.185000
4.399662 9.190000
4.401674 9.194000
4.403707 9.198000
4.405761 9.202000
4.407838 9.206000
4.409937 9.210000
4.411946 9.213000
4.413949 9.217000
4.415952 9.221000
4.417955 9.224000
4.419959 9.228000
4.421964 9.232000
4.423968 9.235000
4.425974 9.239000
4.427979 9.242000
4.429985 9.245000
4.431991 9.249000
4.433998 9.252000
4.435999 9.256000
4.438013 9.259000
4.440021 9.262000
4.442029 9.265000
4.444038 9.268000
4.446047 9.271000
4.448056 9.274000
4.450066 9.278000
4.452076 9.281000
4.454087 9.283000
4.456099 9.286000
4.458110 9.289000
4.460122 9.292000
4.462134 9.295000
4.464147 9.298000
4.466160 9.300000
4.468174 9.303000
4.470188 9.306000
4.472202 9.308000
4.474217 9.311000
4.476232 9.313000
4.478248 9.316000
4.480264 9.318000
4.482264 9.321000
4.484297 9.323000
4.486315 9.325000
4.488332 9.327000
4.490350 9.330000
4.492369 9.332000
4.494388 9.334000
4.496407 9.336000
4.498427 9.338000
4.500447 9.340000
4.502467 9.342000
4.504488 9.344000
4.506510 9.346000
4.508531 9.348000
4.510553 9.350000
4.512576 9.352000
4.514599 9.353000
4.516622 9.355000
4.518646 9.357000
4.520670 9.358000
4.522695 9.360000
4.524720 9.361000
4.526745 9.363000
4.528771 9.364000
4.530797 9.366000
4.532824 9.367000
4.534851 9.369000
4.536879 9.370000
4.538906 9.371000
4.540935 9.372000
4.542963 9.374000
4.544993 9.375000
4.547022 9.376000
4.549052 9.377000
4.551082 9.378000
4.553113 9.379000
4.555144 9.380000
4.557176 9.381000
4.559208 9.382000
4.561240 9.382000
4.563273 9.383000
4.565306 9.384000
4.567340 9.385000
4.569374 9.385000
4.571409 9.386000
4.573443 9.387000
4.575479 9.387000
4.577515 9.388000
4.579551 9.388000
4.581587 9.388000
4.583624 9.389000
4.585662 9.389000
4.587699 9.389000
4.589738 9.390000
4.591776 9.390000
4.593815 9.390000
4.595855 9.390000
4.597895 9.390000
4.599935 9.390000
4.601976 9.390000
4.604017 9.390000
4.606058 9.390000
4.608100 9.390000
4.610143 9.390000
4.612185 9.390000
4.614229 9.390000
4.616272 9.390000
4.618316 9.390000
4.620361 9.390000
4.622406 9.389000
4.624451 9.389000
4.626497 9.388000
4.628543 9.388000
4.630589 9.387000
4.632636 9.387000
4.634684 9.386000
4.636732 9.385000
4.638780 9.385000
4.640828 9.384000
4.642878 9.383000
4.644927 9.382000
4.646977 9.381000
4.649027 9.380000
4.651078 9.379000
4.653129 9.378000
4.655181 9.377000
4.657233 9.376000
4.659285 9.375000
4.661338 9.374000
4.663391 9.373000
4.665445 9.371000
4.667499 9.370000
4.669554 9.369000
4.671609 9.367000
4.673664 9.366000
4.675720 9.364000
4.677776 9.363000
4.679833 9.361000
4.681890 9.360000
4.683947 9.358000
4.685980 9.356000
4.688064 9.355000
4.690123 9.353000
4.692182 9.351000
4.694241 9.349000
4.696269 9.347000
4.698362 9.346000
4.700423 9.344000
4.702484 9.342000
4.704546 9.340000
4.706608 9.337000
4.708671 9.335000
4.710734 9.333000
4.712797 9.331000
4.714861 9.329000
4.716925 9.326000
4.718990 9.324000
4.721055 9.322000
4.723121 9.319000
4.725187 9.317000
4.727253 9.314000
4.729320 9.312000
4.731387 9.309000
4.733455 9.306000
4.735523 9.304000
4.737592 9.301000
4.739661 9.298000
4.741691 9.295000
4.743800 9.293000
4.745870 9.290000
4.747941 9.287000
4.750012 9.284000
4.752084 9.281000
4.754156 9.278000
4.756228 9.275000
4.758301 9.272000
4.760374 9.268000
4.762448 9.265000
4.764522 9.262000
4.766597 9.259000
4.768672 9.255000
4.770747 9.252000
4.772823 9.248000
4.774899 9.245000
4.776976 9.241000
4.779053 9.238000
4.781131 9.234000
4.783209 9.231000
4.785287 9.227000
4.787366 9.223000
4.789446 9.219000
4.791525 9.216000
4.793606 9.212000
4.795686 9.208000
4.797767 9.204000
4.799849 9.200000
4.801931 9.196000
4.804013 9.192000
4.806096 9.188000
4.808158 9.183000
4.810263 9.179000
4.812347 9.175000
4.814431 9.171000
4.816472 9.166000
4.818602 9.162000
4.820688 9.158000
4.822774 9.153000
4.824861 9.149000
4.826948 9.144000
4.829035 9.140000
4.831123 9.135000
4.833212 9.130000
4.835301 9.126000
4.837390 9.121000
4.839480 9.116000
4.841570 9.111000
4.843661 9.106000
4.845691 9.101000
4.847797 9.096000
4.849885 9.091000
4.851956 9.086000
4.854010 9.081000
4.856047 9.076000
4.858069 9.071000
4.860075 9.066000
4.862463 9.060000
4.864591 9.055000
4.866686 9.050000
4.868726 9.044000
4.870879 9.039000
4.872949 9.033000
4.875073 9.028000
4.877109 9.022000
4.879268 9.017000
4.881367 9.011000
4.883418 9.005000
4.885565 9.000000
4.887665 8.994000
4.889765 8.988000
4.891866 8.982000
4.893871 8.976000
4.895988 8.970000
4.898090 8.964000
4.900178 8.958000
4.902251 8.952000
4.904310 8.946000
4.906356 8.940000
4.908388 8.934000
4.910407 8.928000
4.912413 8.922000
4.914737 8.915000
4.917045 8.908000
4.919216 8.902000
4.921287 8.895000
4.923430 8.889000
4.925475 8.882000
4.927646 8.876000
4.929755 8.869000
4.931815 8.862000
4.933974 8.856000
4.936084 8.849000
4.938194 8.842000
4.940305 8.835000
4.942327 8.828000
4.944452 8.821000
4.946564 8.814000
4.948664 8.807000
4.950751 8.800000
4.952825 8.793000
4.954888 8.786000
4.956939 8.779000
4.958979 8.772000
4.961007 8.765000
4.963024 8.758000
4.965030 8.751000
4.967309 8.743000
4.969575 8.735000
4.971827 8.727000
4.974066 8.719000
4.976259 8.712000
4.978378 8.704000
4.980429 8.696000
4.982617 8.689000
4.984738 8.681000
4.986859 8.673000
4.988980 8.665000
4.990986 8.657000
4.993118 8.649000
4.995237 8.641000
4.997346 8.633000
4.999444 8.625000
5.001531 8.617000
5.003607 8.609000
5.005673 8.601000
5.007728 8.593000
5.009773 8.585000
5.011809 8.577000
5.013834 8.569000
5.015850 8.561000
5.017857 8.553000
5.020103 8.544000
5.022337 8.535000
5.024559 8.526000
5.026770 8.517000
5.028970 8.508000
5.031159 8.499000
5.033337 8.490000
5.035505 8.481000
5.037662 8.472000
5.039808 8.463000
5.041945 8.454000
5.044071 8.445000
5.046187 8.436000
5.048293 8.427000
5.050390 8.418000
5.052477 8.409000
5.054555 8.400000
5.056624 8.391000
5.058683 8.382000
5.060733 8.373000
5.062775 8.364000
5.064808 8.355000
5.066832 8.346000
5.068847 8.337000
5.070854 8.328000
5.073074 8.318000
5.075270 8.309000
5.077410 8.299000
5.079456 8.289000
5.081637 8.279000
5.083809 8.269000
5.085971 8.259000
5.088117 8.250000
5.090260 8.240000
5.092402 8.229000
5.094528 8.219000
5.096644 8.209000
5.098752 8.199000
5.100851 8.189000
5.102941 8.179000
5.105023 8.169000
5.107097 8.159000
5.109162 8.149000
5.111220 8.139000
5.113269 8.129000
5.115310 8.119000
5.117344 8.109000
5.119369 8.099000
5.121383 8.090000
5.123397 8.079000
5.125400 8.069000
5.127595 8.058000
5.129780 8.047000
5.131957 8.036000
5.134125 8.025000
5.136285 8.014000
5.138436 8.003000
5.140442 7.993000
5.142444 7.986000
5.144447 7.985000
5.146453 7.988000
5.148488 7.997000
5.150548 8.007000
5.152671 8.017000
5.154803 8.027000
5.156945 8.037000
5.159045 8.046000
5.161261 8.057000
5.163434 8.067000
5.165618 8.077000
5.167813 8.087000
5.170019 8.097000
5.172236 8.107000
5.174240 8.116000
5.176254 8.125000
5.178278 8.134000
5.180310 8.143000
5.182353 8.152000
5.184405 8.161000
5.186467 8.170000
5.188539 8.179000
5.190622 8.188000
5.192714 8.197000
5.194817 8.206000
5.196931 8.215000
5.199056 8.224000
5.201191 8.233000
5.203338 8.242000
5.205496 8.251000
5.207666 8.260000
5.209839 8.268000
5.212040 8.278000
5.214245 8.287000
5.216463 8.296000
5.218657 8.304000
5.220685 8.313000
5.222688 8.321000
5.224702 8.329000
5.226726 8.337000
5.228760 8.345000
5.230805 8.353000
5.232861 8.361000
5.234929 8.369000
5.237008 8.377000
5.239098 8.385000
5.241199 8.393000
5.243313 8.401000
5.245440 8.409000
5.247578 8.417000
5.249729 8.425000
5.251892 8.433000
5.254005 8.440000
5.256259 8.449000
5.258462 8.457000
5.260679 8.465000
5.262861 8.472000
5.264874 8.480000
5.267132 8.488000
5.269405 8.496000
5.271406 8.503000
5.273418 8.510000
5.275443 8.517000
5.277479 8.524000
5.279528 8.531000
5.281584 8.537000
5.283664 8.545000
5.285752 8.552000
5.287853 8.559000
5.289967 8.566000
5.292095 8.573000
5.294237 8.580000
5.296390 8.586000
5.298565 8.594000
5.300752 8.601000
5.302953 8.608000
5.305170 8.615000
5.307262 8.621000
5.309330 8.628000
5.311593 8.635000
5.313874 8.642000
5.316166 8.648000
5.318487 8.656000
5.320820 8.663000
5.322835 8.669000
5.324864 8.675000
5.326907 8.681000
5.328964 8.687000
5.331023 8.692000
5.333124 8.699000
5.335227 8.705000
5.337346 8.711000
5.339481 8.717000
5.341632 8.723000
5.343800 8.729000
5.345902 8.734000
5.348189 8.741000
5.350411 8.747000
5.352651 8.753000
5.354841 8.758000
5.357190 8.765000
5.359489 8.771000
5.361798 8.776000
5.364149 8.783000
5.366512 8.789000
5.368761 8.794000
5.370902 8.800000
5.372924 8.805000
5.374962 8.810000
5.377018 8.815000
5.379091 8.820000
5.381182 8.825000
5.383292 8.830000
5.385421 8.835000
5.387570 8.840000
5.389677 8.844000
5.391929 8.850000
5.394140 8.855000
5.396373 8.860000
5.398628 8.865000
5.400651 8.869000
5.402748 8.874000
5.405072 8.879000
5.407420 8.884000
5.409638 8.888000
5.411714 8.893000
5.414139 8.898000
5.416593 8.903000
5.418634 8.907000
5.420634 8.911000
5.422634 8.915000
5.424635 8.918000
5.426636 8.922000
5.428638 8.926000
5.430640 8.930000
5.432643 8.934000
5.434646 8.937000
5.436649 8.941000
5.438653 8.945000
5.440657 8.948000
5.442661 8.952000
5.444666 8.955000
5.446672 8.959000
5.448677 8.962000
5.450683 8.966000
5.452690 8.969000
5.454697 8.972000
5.456704 8.976000
5.458712 8.979000
5.460720 8.982000
5.462729 8.985000
5.464737 8.988000
5.466747 8.992000
5.468757 8.995000
5.470767 8.998000
5.472777 9.001000
5.474788 9.003000
5.476800 9.006000
5.478811 9.009000
5.480824 9.012000
5.482836 9.015000
5.484849 9.017000
5.486863 9.020000
5.488876 9.023000
5.490891 9.025000
5.492905 9.028000
5.494920 9.031000
5.496936 9.033000
5.498951 9.035000
5.500968 9.038000
5.502984 9.040000
5.505001 9.043000
5.507019 9.045000
5.509037 9.047000
5.511055 9.049000
5.513066 9.052000
5.515093 9.054000
5.517112 9.056000
5.519132 9.058000
5.521152 9.060000
5.523173 9.062000
5.525194 9.064000
5.527216 9.066000
5.529238 9.067000
5.531260 9.069000
5.533283 9.071000
5.535306 9.073000
5.537329 9.074000
5.539353 9.076000
5.541378 9.078000
5.543403 9.079000
5.545428 9.081000
5.547453 9.082000
5.549479 9.084000
5.551506 9.085000
5.553532 9.087000
5.555560 9.088000
5.557588 9.089000
5.559616 9.090000
5.561644 9.092000
5.563673 9.093000
5.565703 9.094000
5.567732 9.095000
5.569762 9.096000
5.571793 9.097000
5.573824 9.098000
5.575855 9.099000
5.577887 9.100000
5.579919 9.101000
5.581952 9.101000
5.583985 9.102000
5.586018 9.103000
5.588052 9.104000
5.590087 9.104000
5.592121 9.105000
5.594156 9.105000
5.596192 9.106000
5.598228 9.106000
5.600264 9.107000
5.602301 9.107000
5.604338 9.108000
5.606376 9.108000
5.608414 9.108000
5.610452 9.108000
5.612491 9.109000
5.614530 9.109000
5.616570 9.109000
5.618610 9.109000
5.620651 9.109000
5.622691 9.109000
5.624733 9.109000
5.626775 9.109000
5.628817 9.109000
5.630859 9.109000
5.632902 9.109000
5.634946 9.109000
5.636990 9.109000
5.639034 9.108000
5.641079 9.108000
5.643124 9.108000
5.645169 9.107000
5.647215 9.107000
5.649261 9.106000
5.651308 9.106000
5.653355 9.105000
5.655403 9.104000
5.657451 9.104000
5.659499 9.103000
5.661548 9.102000
5.663598 9.101000
5.665647 9.100000
5.667697 9.099000
5.669748 9.098000
5.671799 9.097000
5.673850 9.096000
5.675902 9.095000
5.677954 9.094000
5.680007 9.093000
5.682060 9.092000
5.684114 9.091000
5.686167 9.089000
5.688222 9.088000
5.690277 9.087000
5.692332 9.085000
5.694387 9.084000
5.696443 9.082000
5.698500 9.081000
5.700557 9.079000
5.702614 9.078000
5.704672 9.076000
5.706730 9.074000
5.708788 9.072000
5.710847 9.071000
5.712907 9.069000
5.714967 9.067000
5.717027 9.065000
5.719088 9.063000
5.721149 9.061000
5.723210 9.059000
5.725272 9.057000
5.727335 9.055000
5.729397 9.053000
5.731461 9.051000
5.733524 9.048000
5.735588 9.046000
5.737653 9.044000
5.739718 9.041000
5.741783 9.039000
5.743849 9.037000
5.745915 9.034000
5.747969 9.031000
5.750049 9.029000
5.752117 9.026000
5.754184 9.024000
5.756253 9.021000
5.758322 9.018000
5.760327 9.015000
5.762460 9.013000
5.764531 9.010000
5.766601 9.007000
5.768672 9.004000
5.770743 9.001000
5.772815 8.998000
5.774887 8.995000
5.776960 8.992000
5.779017 8.988000
5.781107 8.985000
5.783180 8.982000
5.785255 8.979000
5.787273 8.975000
5.789405 8.972000
5.791481 8.969000
5.793557 8.965000
5.795633 8.962000
5.797710 8.958000
5.799787 8.955000
5.801865 8.951000
5.803944 8.947000
5.806022 8.944000
5.808101 8.940000
5.810181 8.936000
5.812261 8.932000
5.814341 8.928000
5.816342 8.924000
5.818443 8.920000
5.820521 8.916000
5.822579 8.912000
5.824615 8.908000
5.826632 8.904000
5.828916 8.900000
5.831000 8.896000
5.833055 8.891000
5.835169 8.887000
5.837254 8.883000
5.839292 8.878000
5.841426 8.874000
5.843508 8.869000
5.845599 8.865000
5.847646 8.860000
5.849775 8.856000
5.851863 8.851000
5.853939 8.846000
5.856041 8.842000
5.858130 8.837000
5.860220 8.832000
5.862310 8.827000
5.864352 8.822000
5.866467 8.817000
5.868563 8.812000
5.870642 8.807000
5.872705 8.802000
5.874750 8.797000
5.876780 8.792000
5.878793 8.787000
5.881144 8.782000
5.883170 8.776000
5.885334 8.771000
5.887430 8.766000
5.889526 8.760000
5.891622 8.755000
5.893719 8.749000
5.895817 8.744000
5.897914 8.738000
5.899999 8.732000
5.902112 8.727000
5.904211 8.721000
5.906238 8.715000
5.908408 8.709000
5.910511 8.704000
5.912612 8.698000
5.914713 8.692000
5.916815 8.686000
5.918917 8.680000
5.921020 8.674000
5.923123 8.668000
5.925221 8.661000
5.927259 8.655000
5.929283 8.649000
5.931294 8.643000
5.933625 8.636000
5.935751 8.630000
5.937858 8.624000
5.939866 8.617000
5.942072 8.611000
5.944179 8.604000
5.946287 8.598000
5.948396 8.591000
5.950428 8.584000
5.952614 8.578000
5.954724 8.571000
5.956834 8.564000
5.958945 8.557000
5.960973 8.550000
5.963105 8.543000
5.965223 8.536000
5.967329 8.529000
5.969422 8.522000
5.971503 8.515000
5.973571 8.508000
5.975628 8.501000
5.977673 8.494000
5.979707 8.487000
5.981729 8.480000
5.983741 8.473000
5.985741 8.466000
5.988015 8.458000
5.990274 8.450000
5.992520 8.442000
5.994753 8.434000
5.996973 8.426000
5.999133 8.419000
6.001253 8.411000
6.003284 8.403000
6.005455 8.395000
6.007614 8.388000
6.009736 8.380000
6.011858 8.372000
6.013980 8.364000
6.016103 8.356000
6.018226 8.348000
6.020330 8.339000
6.022411 8.331000
6.024481 8.323000
6.026541 8.315000
6.028591 8.307000
6.030630 8.299000
6.032660 8.291000
6.034680 8.283000
6.036690 8.275000
6.038691 8.267000
6.040931 8.258000
6.043159 8.249000
6.045376 8.240000
6.047582 8.231000
6.049776 8.222000
6.051960 8.213000
6.054132 8.204000
6.056294 8.195000
6.058446 8.186000
6.060587 8.177000
6.062718 8.168000
6.064839 8.159000
6.066951 8.150000
6.069052 8.141000
6.071144 8.132000
6.073226 8.123000
6.075300 8.114000
6.077363 8.105000
6.079418 8.096000
6.081464 8.087000
6.083501 8.078000
6.085530 8.069000
6.087549 8.060000
6.089560 8.051000
6.091563 8.042000
6.093779 8.032000
6.095984 8.022000
6.098175 8.013000
6.100316 8.003000
6.102325 7.994000
6.104333 7.988000
6.106339 7.986000
6.108345 7.990000
6.110445 7.998000
6.112636 8.007000
6.114793 8.017000
6.116919 8.026000
6.119057 8.035000
6.121206 8.044000
6.123366 8.053000
6.125538 8.062000
6.127721 8.071000
6.129916 8.080000
6.132124 8.089000
6.134172 8.097000
6.136327 8.106000
6.138571 8.115000
6.140576 8.123000
6.142591 8.131000
6.144617 8.139000
6.146654 8.147000
6.148701 8.155000
6.150759 8.163000
6.152809 8.170000
6.154910 8.179000
6.157003 8.187000
6.159107 8.195000
6.161224 8.203000
6.163352 8.211000
6.165493 8.219000
6.167546 8.226000
6.169813 8.235000
6.171992 8.243000
6.174185 8.251000
6.176391 8.259000
6.178611 8.267000
6.180845 8.275000
6.183093 8.283000
6.185260 8.290000
6.187347 8.298000
6.189351 8.305000
6.191367 8.312000
6.193394 8.319000
6.195434 8.326000
6.197486 8.333000
6.199550 8.340000
6.201628 8.347000
6.203718 8.354000
6.205822 8.361000
6.207939 8.368000
6.210071 8.375000
6.212217 8.382000
6.214377 8.389000
6.216551 8.396000
6.218741 8.403000
6.220783 8.409000
6.222848 8.416000
6.225083 8.423000
6.227334 8.430000
6.229601 8.437000
6.231662 8.443000
6.233857 8.450000
6.236174 8.457000
6.238175 8.463000
6.240189 8.469000
6.242217 8.475000
6.244259 8.481000
6.246316 8.487000
6.248387 8.493000
6.250473 8.499000
6.252575 8.505000
6.254693 8.511000
6.256827 8.517000
6.258978 8.523000
6.261145 8.529000
6.263329 8.535000
6.265364 8.540000
6.267381 8.546000
6.269617 8.552000
6.271872 8.558000
6.274146 8.564000
6.276291 8.569000
6.278368 8.575000
6.280701 8.581000
6.283055 8.587000
6.285241 8.592000
6.287429 8.598000
6.289442 8.603000
6.291473 8.608000
6.293520 8.613000
6.295585 8.618000
6.297668 8.623000
6.299769 8.628000
6.301889 8.633000
6.304028 8.638000
6.306156 8.642000
6.308368 8.648000
6.310569 8.653000
6.312791 8.658000
6.315036 8.663000
6.317128 8.667000
6.319135 8.672000
6.321447 8.677000
6.323783 8.682000
6.326115 8.686000
6.328535 8.692000
6.330952 8.697000
6.333110 8.701000
6.335376 8.706000
6.337876 8.711000
6.339899 8.715000
6.341943 8.719000
6.344008 8.723000
6.346096 8.727000
6.348116 8.730000
6.350118 8.734000
6.352121 8.738000
6.354125 8.741000
6.356128 8.745000
6.358132 8.749000
6.360137 8.752000
6.362142 8.756000
6.364147 8.759000
6.366153 8.763000
6.368159 8.766000
6.370165 8.769000
6.372172 8.773000
6.374180 8.776000
6.376187 8.779000
6.378196 8.783000
6.380204 8.786000
6.382213 8.789000
6.384222 8.792000
6.386232 8.795000
6.388242 8.798000
6.390253 8.801000
6.392264 8.804000
6.394275 8.807000
6.396287 8.810000
6.398299 8.812000
6.400312 8.815000
6.402325 8.818000
6.404338 8.821000
6.406352 8.823000
6.408366 8.826000
6.410381 8.828000
6.412396 8.831000
6.414411 8.833000
6.416427 8.836000
6.418443 8.838000
6.420460 8.841000
6.422477 8.843000
6.424494 8.845000
6.426512 8.847000
6.428530 8.850000
6.430549 8.852000
6.432568 8.854000
6.434588 8.856000
6.436608 8.858000
6.438628 8.860000
6.440649 8.862000
6.442670 8.864000
6.444691 8.866000
6.446713 8.868000
6.448735 8.870000
6.450758 8.871000
6.452781 8.873000
6.454805 8.875000
6.456829 8.876000
6.458853 8.878000
6.460878 8.880000
6.462903 8.881000
6.464929 8.883000
6.466955 8.884000
6.468981 8.885000
6.471008 8.887000
6.473036 8.888000
6.475063 8.889000
6.477091 8.891000
6.479120 8.892000
6.481149 8.893000
6.483178 8.894000
6.485208 8.895000
6.487238 8.896000
6.489269 8.897000
6.491300 8.898000
6.493331 8.899000
6.495363 8.900000
6.497395 8.901000
6.499428 8.902000
6.501461 8.903000
6.503494 8.903000
6.505528 8.904000
6.507562 8.905000
6.509597 8.905000
6.511632 8.906000
6.513667 8.906000
6.515703 8.907000
6.517740 8.907000
6.519777 8.908000
6.521814 8.908000
6.523851 8.908000
6.525889 8.909000
6.527928 8.909000
6.529967 8.909000
6.532006 8.909000
6.534046 8.909000
6.536086 8.909000
6.538126 8.909000
6.540167 8.909000
6.542208 8.909000
6.544250 8.909000
6.546292 8.909000
6.548335 8.909000
6.550378 8.909000
6.552421 8.909000
6.554465 8.909000
6.556509 8.909000
6.558554 8.908000
6.560599 8.908000
6.562645 8.908000
6.564691 8.907000
6.566737 8.906000
6.568784 8.906000
6.570831 8.905000
6.572879 8.905000
6.574927 8.904000
6.576975 8.903000
6.579024 8.902000
6.581073 8.902000
6.583123 8.901000
6.585173 8.900000
6.587224 8.899000
6.589274 8.898000
6.591326 8.897000
6.593378 8.896000
6.595430 8.895000
6.597483 8.893000
6.599536 8.892000
6.601589 8.891000
6.603643 8.890000
6.605697 8.888000
6.607752 8.887000
6.609807 8.886000
6.611863 8.884000
6.613919 8.883000
6.615975 8.881000
6.618032 8.880000
6.620090 8.878000
6.622147 8.876000
6.624205 8.875000
6.626264 8.873000
6.628323 8.871000
6.630382 8.869000
6.632442 8.867000
6.634502 8.865000
6.636549 8.863000
6.638621 8.861000
6.640652 8.859000
6.642748 8.857000
6.644810 8.855000
6.646873 8.853000
6.648936 8.851000
6.651000 8.849000
6.653064 8.846000
6.655129 8.844000
6.657193 8.842000
6.659259 8.839000
6.661325 8.837000
6.663391 8.834000
6.665457 8.832000
6.667525 8.829000
6.669592 8.827000
6.671660 8.824000
6.673728 8.821000
6.675797 8.819000
6.677866 8.816000
6.679936 8.813000
6.682006 8.810000
6.684077 8.807000
6.686148 8.804000
6.688219 8.801000
6.690291 8.798000
6.692363 8.795000
6.694436 8.792000
6.696509 8.789000
6.698582 8.786000
6.700584 8.782000
6.702730 8.779000
6.704805 8.776000
6.706817 8.772000
6.708956 8.769000
6.711032 8.766000
6.713109 8.762000
6.715177 8.758000
6.717263 8.755000
6.719341 8.751000
6.721419 8.748000
6.723498 8.744000
6.725577 8.740000
6.727656 8.736000
6.729736 8.733000
6.731817 8.729000
6.733898 8.725000
6.735979 8.721000
6.738061 8.717000
6.740143 8.713000
6.742225 8.709000
6.744289 8.704000
6.746392 8.700000
6.748476 8.696000
6.750560 8.692000
6.752643 8.687000
6.754730 8.683000
6.756816 8.679000
6.758820 8.674000
6.760988 8.670000
6.762998 8.665000
6.765162 8.661000
6.767250 8.656000
6.769338 8.652000
6.771427 8.647000
6.773516 8.642000
6.775530 8.637000
6.777696 8.633000
6.779786 8.628000
6.781877 8.623000
6.783968 8.618000
6.786060 8.613000
6.788152 8.608000
6.790245 8.603000
6.792338 8.598000
6.794402 8.592000
6.796414 8.587000
6.798619 8.582000
6.800714 8.577000
6.802753 8.571000
6.804905 8.566000
6.807001 8.561000
6.809098 8.555000
6.811195 8.550000
6.813292 8.544000
6.815374 8.538000
6.817488 8.533000
6.819587 8.527000
6.821659 8.521000
6.823786 8.516000
6.825886 8.510000
6.827986 8.504000
6.830087 8.498000
6.832189 8.492000
6.834291 8.486000
6.836393 8.480000
6.838496 8.474000
6.840599 8.468000
6.842702 8.462000
6.844806 8.456000
6.846880 8.449000
6.848890 8.443000
6.851121 8.437000
6.853203 8.430000
6.855333 8.424000
6.857440 8.418000
6.859547 8.411000
6.861655 8.405000
6.863763 8.398000
6.865806 8.391000
6.867980 8.385000
6.870090 8.378000
6.872199 8.371000
6.874258 8.364000
6.876415 8.357000
6.878532 8.351000
6.880643 8.344000
6.882755 8.337000
6.884868 8.330000
6.886981 8.323000
6.889085 8.315000
6.891153 8.308000
6.893210 8.301000
6.895254 8.294000
6.897287 8.287000
6.899309 8.280000
6.901320 8.273000
6.903605 8.265000
6.905876 8.257000
6.908133 8.249000
6.910252 8.242000
6.912329 8.234000
6.914489 8.227000
6.916609 8.219000
6.918675 8.211000
6.920848 8.204000
6.922969 8.196000
6.925090 8.188000
6.927211 8.180000
6.929333 8.172000
6.931456 8.164000
6.933578 8.156000
6.935702 8.148000
6.937825 8.140000
6.939950 8.132000
6.942050 8.123000
6.944109 8.115000
6.946159 8.107000
6.948198 8.099000
6.950227 8.091000
6.952247 8.083000
6.954257 8.075000
6.956257 8.067000
6.958496 8.058000
6.960724 8.049000
6.962941 8.040000
6.965146 8.031000
6.967340 8.022000
6.969523 8.013000
6.971695 8.004000
6.973857 7.995000
6.976008 7.986000
6.978149 7.977000
6.980279 7.968000
6.982400 7.959000
6.984511 7.950000
6.986612 7.941000
6.988703 7.932000
6.990785 7.923000
6.992858 7.914000
6.994922 7.905000
6.996976 7.896000
6.999022 7.887000
7.001058 7.878000
7.003086 7.869000
7.005106 7.860000
7.007117 7.851000
7.009119 7.842000
7.011334 7.832000
7.013511 7.823000
7.015515 7.813000
7.017702 7.803000
7.019878 7.793000
7.022045 7.783000
7.024203 7.773000
7.026351 7.763000
7.028490 7.753000
7.030620 7.743000
7.032741 7.733000
7.034853 7.723000
7.036957 7.713000
7.039052 7.703000
7.041138 7.693000
7.043216 7.683000
7.045285 7.673000
7.047347 7.663000
7.049400 7.653000
7.051445 7.643000
7.053483 7.633000
7.055512 7.623000
7.057534 7.613000
7.059548 7.603000
7.061555 7.593000
7.063753 7.582000
7.065943 7.571000
7.068124 7.560000
7.070296 7.549000
7.072460 7.538000
7.074615 7.527000
7.076761 7.516000
7.078900 7.505000
7.081030 7.494000
7.083152 7.483000
7.085266 7.472000
7.087372 7.461000
7.089470 7.450000
7.091561 7.439000
7.093643 7.428000
7.095719 7.417000
7.097787 7.406000
7.099847 7.395000
7.101900 7.384000
7.103946 7.373000
7.105960 7.363000
7.108016 7.351000
7.110040 7.340000
7.112058 7.329000
7.114069 7.318000
7.116073 7.307000
7.118251 7.295000
7.120421 7.283000
7.122584 7.271000
7.124739 7.259000
7.126886 7.247000
7.129026 7.235000
7.131158 7.223000
7.133283 7.211000
7.135400 7.199000
7.137510 7.187000
7.139613 7.175000
7.141662 7.164000
7.143798 7.151000
7.145879 7.139000
7.147954 7.127000
7.150022 7.115000
7.152084 7.103000
7.154138 7.091000
7.156186 7.079000
7.158228 7.067000
7.160262 7.055000
7.162276 7.044000
7.164313 7.031000
7.166329 7.019000
7.168338 7.007000
7.170343 6.996000
7.172345 6.986000
7.174349 6.982000
7.176355 6.984000
7.178363 6.993000
7.180411 7.005000
7.182423 7.016000
7.184441 7.027000
7.186468 7.038000
7.188502 7.049000
7.190545 7.059000
7.192596 7.071000
7.194654 7.082000
7.196721 7.093000
7.198797 7.104000
7.200880 7.115000
7.202973 7.126000
7.205065 7.136000
7.207183 7.148000
7.209302 7.159000
7.211429 7.170000
7.213566 7.181000
7.215712 7.192000
7.217867 7.203000
7.220032 7.214000
7.222206 7.225000
7.224389 7.236000
7.226401 7.246000
7.228586 7.257000
7.230597 7.267000
7.232617 7.277000
7.234645 7.287000
7.236682 7.297000
7.238727 7.307000
7.240782 7.317000
7.242845 7.327000
7.244864 7.336000
7.246999 7.347000
7.249091 7.357000
7.251191 7.367000
7.253301 7.377000
7.255421 7.387000
7.257516 7.396000
7.259690 7.407000
7.261840 7.417000
7.264000 7.427000
7.266170 7.437000
7.268234 7.446000
7.270324 7.456000
7.272525 7.466000
7.274738 7.476000
7.276739 7.485000
7.278749 7.494000
7.280768 7.503000
7.282797 7.512000
7.284821 7.520000
7.286883 7.530000
7.288941 7.539000
7.291009 7.548000
7.293087 7.557000
7.295176 7.566000
7.297274 7.575000
7.299383 7.584000
7.301435 7.592000
7.303635 7.602000
7.305777 7.611000
7.307930 7.620000
7.310095 7.629000
7.312201 7.637000
7.314215 7.646000
7.316414 7.655000
7.318625 7.664000
7.320848 7.673000
7.322977 7.681000
7.325082 7.690000
7.327091 7.698000
7.329110 7.706000
7.331139 7.714000
7.333179 7.722000
7.335230 7.730000
7.337292 7.738000
7.339366 7.746000
7.341450 7.754000
7.343547 7.762000
7.345549 7.769000
7.347775 7.778000
7.349908 7.786000
7.352053 7.794000
7.354210 7.802000
7.356362 7.809000
7.358564 7.818000
7.360761 7.826000
7.362972 7.834000
7.365196 7.842000
7.367435 7.850000
7.369688 7.858000
7.371955 7.866000
7.374081 7.873000
7.376247 7.881000
7.378269 7.888000
7.380302 7.895000
7.382348 7.902000
7.384407 7.909000
7.386478 7.916000
7.388562 7.923000
7.390659 7.930000
7.392770 7.937000
7.394793 7.943000
7.397033 7.951000
7.399186 7.958000
7.401354 7.965000
7.403536 7.972000
7.405659 7.978000
7.407947 7.986000
7.410176 7.993000
7.412420 8.000000
7.414559 8.006000
7.416634 8.013000
7.418927 8.020000
7.421238 8.027000
7.423466 8.033000
7.425578 8.040000
7.427602 8.046000
7.429641 8.052000
7.431695 8.058000
7.433762 8.064000
7.435845 8.070000
7.437944 8.076000
7.440058 8.082000
7.442187 8.088000
7.444281 8.093000
7.446497 8.100000
7.448678 8.106000
7.450876 8.112000
7.453092 8.118000
7.455201 8.123000
7.457203 8.129000
7.459473 8.135000
7.461763 8.141000
7.464073 8.147000
7.466133 8.152000
7.468363 8.158000
7.470734 8.164000
7.473096 8.169000
7.475140 8.175000
7.477169 8.180000
7.479215 8.185000
7.481278 8.190000
7.483360 8.195000
7.485459 8.200000
7.487578 8.205000
7.489715 8.210000
7.491873 8.215000
7.494015 8.219000
7.496250 8.225000
7.498471 8.230000
7.500714 8.235000
7.502980 8.240000
7.504990 8.244000
7.507119 8.249000
7.509454 8.254000
7.511814 8.259000
7.513978 8.263000
7.516130 8.268000
7.518568 8.273000
7.520974 8.277000
7.523030 8.282000
7.525046 8.286000
7.527082 8.290000
7.529141 8.294000
7.531221 8.298000
7.533324 8.302000
7.535450 8.306000
7.537601 8.310000
7.539778 8.314000
7.541980 8.318000
7.543997 8.321000
7.546002 8.325000
7.548007 8.328000
7.550012 8.332000
7.552018 8.335000
7.554024 8.339000
7.556030 8.342000
7.558037 8.345000
7.560045 8.348000
7.562052 8.352000
7.564061 8.355000
7.566069 8.358000
7.568078 8.361000
7.570087 8.364000
7.572097 8.367000
7.574107 8.370000
7.576118 8.373000
7.578129 8.376000
7.580140 8.379000
7.582152 8.382000
7.584164 8.385000
7.586177 8.388000
7.588190 8.390000
7.590203 8.393000
7.592217 8.396000
7.594231 8.398000
7.596246 8.401000
7.598261 8.403000
7.600276 8.406000
7.602292 8.408000
7.604308 8.411000
7.606325 8.413000
7.608342 8.415000
7.610359 8.418000
7.612377 8.420000
7.614395 8.422000
7.616414 8.424000
7.618433 8.426000
7.620448 8.429000
7.622473 8.431000
7.624493 8.433000
7.626514 8.435000
7.628535 8.436000
7.630556 8.438000
7.632578 8.440000
7.634601 8.442000
7.636623 8.444000
7.638628 8.446000
7.640670 8.447000
7.642694 8.449000
7.644718 8.450000
7.646743 8.452000
7.648768 8.454000
7.650794 8.455000
7.652820 8.456000
7.654846 8.458000
7.656873 8.459000
7.658901 8.461000
7.660928 8.462000
7.662956 8.463000
7.664985 8.464000
7.666992 8.466000
7.669043 8.467000
7.671073 8.468000
7.673103 8.469000
7.675134 8.470000
7.677165 8.471000
7.679196 8.472000
7.681228 8.473000
7.683260 8.473000
7.685293 8.474000
7.687326 8.475000
7.689359 8.476000
7.691393 8.476000
7.693427 8.477000
7.695462 8.478000
7.697497 8.478000
7.699533 8.479000
7.701568 8.479000
7.703605 8.480000
7.705642 8.480000
7.707679 8.480000
7.709716 8.481000
7.711754 8.481000
7.713793 8.481000
7.715832 8.481000
7.717871 8.482000
7.719911 8.482000
7.721951 8.482000
7.723991 8.482000
7.726032 8.482000
7.728073 8.482000
7.730115 8.482000
7.732157 8.482000
7.734200 8.482000
7.736243 8.482000
7.738286 8.482000
7.740330 8.482000
7.742374 8.481000
7.744419 8.481000
7.746464 8.480000
7.748510 8.480000
7.750556 8.479000
7.752602 8.479000
7.754649 8.478000
7.756696 8.478000
7.758744 8.477000
7.760792 8.476000
7.762840 8.476000
7.764889 8.475000
7.766938 8.474000
7.768988 8.473000
7.771038 8.472000
7.773089 8.471000
7.775140 8.470000
7.777191 8.469000
7.779243 8.468000
7.781295 8.467000
7.783348 8.466000
7.785401 8.465000
7.787454 8.463000
7.789508 8.462000
7.791562 8.461000
7.793617 8.459000
7.795672 8.458000
7.797728 8.457000
7.799784 8.455000
7.801840 8.454000
7.803897 8.452000
7.805955 8.450000
7.808012 8.449000
7.810070 8.447000
7.812129 8.445000
7.814188 8.443000
7.816247 8.442000
7.818307 8.440000
7.820368 8.438000
7.822428 8.436000
7.824489 8.434000
7.826551 8.432000
7.828613 8.430000
7.830675 8.428000
7.832738 8.426000
7.834801 8.423000
7.836865 8.421000
7.838929 8.419000
7.840993 8.416000
7.843058 8.414000
7.845124 8.412000
7.847190 8.409000
7.849256 8.407000
7.851323 8.404000
7.853390 8.402000
7.855457 8.399000
7.857458 8.396000
7.859593 8.394000
7.861662 8.391000
7.863731 8.388000
7.865801 8.385000
7.867869 8.382000
7.869942 8.380000
7.872013 8.377000
7.874084 8.374000
7.876156 8.371000
7.878228 8.368000
7.880243 8.364000
7.882374 8.361000
7.884447 8.358000
7.886521 8.355000
7.888595 8.352000
7.890670 8.348000
7.892745 8.345000
7.894759 8.341000
7.896897 8.338000
7.898939 8.334000
7.901051 8.331000
7.903128 8.327000
7.905206 8.324000
7.907284 8.320000
7.909363 8.316000
7.911442 8.313000
7.913521 8.309000
7.915601 8.305000
7.917682 8.301000
7.919763 8.297000
7.921844 8.293000
7.923926 8.289000
7.926008 8.285000
7.928090 8.281000
7.930173 8.277000
7.932257 8.273000
7.934330 8.268000
7.936425 8.264000
7.938510 8.260000
7.940595 8.256000
7.942681 8.251000
7.944767 8.247000
7.946853 8.242000
7.948940 8.238000
7.951027 8.233000
7.953115 8.229000
7.955203 8.224000
7.957292 8.219000
7.959381 8.215000
7.961471 8.210000
7.963561 8.205000
7.965651 8.200000
7.967742 8.195000
7.969833 8.190000
7.971925 8.185000
7.974017 8.180000
7.976110 8.175000
7.978203 8.170000
7.980296 8.165000
7.982390 8.160000
7.984441 8.154000
7.986579 8.149000
7.988674 8.144000
7.990729 8.138000
7.992866 8.133000
7.994963 8.128000
7.997060 8.122000
7.999143 8.116000
8.001255 8.111000
8.003256 8.105000
8.005452 8.100000
8.007551 8.094000
8.009651 8.088000
8.011668 8.082000
8.013823 8.076000
8.015952 8.071000
8.018054 8.065000
8.020156 8.059000
8.022258 8.053000
8.024361 8.047000
8.026434 8.040000
8.028485 8.034000
8.030523 8.028000
8.032548 8.022000
8.034560 8.016000
8.036891 8.009000
8.039092 8.003000
8.041175 7.996000
8.043305 7.990000
8.045403 7.983000
8.047520 7.977000
8.049577 7.970000
8.051736 7.964000
8.053845 7.957000
8.055897 7.950000
8.058064 7.944000
8.060175 7.937000
8.062285 7.930000
8.064397 7.923000
8.066508 7.916000
8.068620 7.909000
8.070733 7.902000
8.072846 7.895000
8.074959 7.888000
8.077073 7.881000
8.079187 7.874000
8.081240 7.866000
8.083272 7.859000
8.085294 7.852000
8.087304 7.845000
8.089588 7.837000
8.091858 7.829000
8.094000 7.822000
8.096078 7.814000
8.098236 7.807000
8.100251 7.799000
8.102458 7.791000
8.104593 7.784000
8.106713 7.776000
8.108735 7.768000
8.110895 7.760000
8.113043 7.752000
8.115179 7.744000
8.117304 7.736000
8.119418 7.728000
8.121520 7.720000
8.123612 7.712000
8.125693 7.704000
8.127764 7.696000
8.129824 7.688000
8.131874 7.680000
8.133914 7.672000
8.135944 7.664000
8.137964 7.656000
8.139975 7.648000
8.141976 7.640000
8.144216 7.631000
8.146445 7.622000
8.148662 7.613000
8.150867 7.604000
8.153062 7.595000
8.155246 7.586000
8.157419 7.577000
8.159581 7.568000
8.161733 7.559000
8.163875 7.550000
8.166006 7.541000
8.168127 7.532000
8.170239 7.523000
8.172340 7.514000
8.174433 7.505000
8.176515 7.496000
8.178589 7.487000
8.180653 7.478000
8.182708 7.469000
8.184754 7.460000
8.186791 7.451000
8.188820 7.442000
8.190840 7.433000
8.192851 7.424000
8.194854 7.415000
8.197070 7.405000
8.199275 7.395000
8.201471 7.385000
8.203657 7.376000
8.205798 7.366000
8.207940 7.356000
8.209942 7.346000
8.212090 7.336000
8.214230 7.326000
8.216361 7.316000
8.218482 7.306000
8.220595 7.296000
8.222699 7.286000
8.224794 7.276000
8.226881 7.266000
8.228959 7.256000
8.231029 7.246000
8.233091 7.236000
8.235145 7.226000
8.237191 7.216000
8.239229 7.206000
8.241259 7.196000
8.243281 7.186000
8.245296 7.176000
8.247302 7.166000
8.249502 7.155000
8.251692 7.144000
8.253873 7.133000
8.256046 7.122000
8.258210 7.111000
8.260365 7.100000
8.262512 7.089000
8.264651 7.078000
8.266782 7.067000
8.268904 7.056000
8.271019 7.045000
8.273125 7.034000
8.275224 7.023000
8.277315 7.012000
8.279398 7.001000
8.281403 6.991000
8.283408 6.985000
8.285412 6.984000
8.287414 6.990000
8.289584 7.000000
8.291634 7.010000
8.293689 7.019000
8.295762 7.030000
8.297840 7.040000
8.299927 7.050000
8.302023 7.060000
8.304129 7.070000
8.306245 7.080000
8.308285 7.089000
8.310291 7.099000
8.312436 7.109000
8.314591 7.119000
8.316755 7.129000
8.318931 7.139000
8.320952 7.148000
8.323093 7.158000
8.325300 7.168000
8.327518 7.178000
8.329523 7.187000
8.331538 7.196000
8.333562 7.205000
8.335587 7.213000
8.337640 7.223000
8.339693 7.232000
8.341756 7.241000
8.343829 7.250000
8.345913 7.259000
8.348006 7.268000
8.350110 7.277000
8.352200 7.285000
8.354351 7.295000
8.356488 7.304000
8.358636 7.313000
8.360795 7.322000
8.362965 7.330000
8.365148 7.340000
8.367342 7.349000
8.369549 7.358000
8.371767 7.367000
8.373999 7.376000
8.376242 7.385000
8.378248 7.393000
8.380264 7.401000
8.382290 7.409000
8.384327 7.417000
8.386374 7.425000
8.388433 7.433000
8.390503 7.441000
8.392585 7.449000
8.394678 7.457000
8.396783 7.465000
8.398899 7.473000
8.401028 7.481000
8.403169 7.489000
8.405323 7.497000
8.407490 7.505000
8.409670 7.513000
8.411863 7.521000
8.414008 7.528000
8.416011 7.536000
8.418244 7.544000
8.420491 7.552000
8.422752 7.560000
8.424839 7.567000
8.427032 7.575000
8.429048 7.582000
8.431076 7.589000
8.433116 7.596000
8.435169 7.603000
8.437234 7.610000
8.439312 7.617000
8.441403 7.624000
8.443507 7.631000
8.445549 7.637000
8.447757 7.645000
8.449903 7.652000
8.452064 7.659000
8.454239 7.666000
8.456414 7.672000
8.458635 7.680000
8.460856 7.687000
8.463093 7.694000
8.465313 7.700000
8.467617 7.708000
8.469905 7.715000
8.472210 7.722000
8.474219 7.728000
8.476538 7.735000
8.478558 7.741000
8.480591 7.747000
8.482638 7.753000
8.484701 7.759000
8.486778 7.765000
8.488870 7.771000
8.490977 7.777000
8.493048 7.782000
8.495241 7.789000
8.497398 7.795000
8.499572 7.801000
8.501763 7.807000
8.503965 7.812000
8.506200 7.819000
8.508446 7.825000
8.510711 7.831000
8.512906 7.836000
8.514916 7.842000
8.517239 7.848000
8.519583 7.854000
8.521855 7.859000
8.523938 7.865000
8.525943 7.870000
8.527964 7.875000
8.530002 7.880000
8.532057 7.885000
8.534130 7.890000
8.536221 7.895000
8.538331 7.900000
8.540460 7.905000
8.542608 7.910000
8.544761 7.914000
8.546966 7.920000
8.549176 7.925000
8.551409 7.930000
8.553664 7.935000
8.555735 7.939000
8.557783 7.944000
8.560106 7.949000
8.562453 7.954000
8.564722 7.958000
8.566746 7.963000
8.569171 7.968000
8.571624 7.973000
8.573717 7.977000
8.575718 7.981000
8.577718 7.985000
8.579719 7.989000
8.581720 7.992000
8.583722 7.996000
8.585724 8.000000
8.587727 8.004000
8.589729 8.008000
8.591733 8.011000
8.593736 8.015000
8.595741 8.018000
8.597745 8.022000
8.599750 8.026000
8.601755 8.029000
8.603761 8.032000
8.605767 8.036000
8.607774 8.039000
8.609781 8.043000
8.611788 8.046000
8.613796 8.049000
8.615804 8.052000
8.617812 8.055000
8.619821 8.059000
8.621831 8.062000
8.623840 8.065000
8.625850 8.068000
8.627861 8.071000
8.629872 8.074000
8.631883 8.076000
8.633895 8.079000
8.635907 8.082000
8.637920 8.085000
8.639933 8.088000
8.641946 8.090000
8.643960 8.093000
8.645974 8.096000
8.647989 8.098000
8.650004 8.101000
8.652019 8.103000
8.654035 8.106000
8.656051 8.108000
8.658068 8.110000
8.660085 8.113000
8.662102 8.115000
8.664120 8.117000
8.666139 8.119000
8.668157 8.122000
8.670176 8.124000
8.672196 8.126000
8.674216 8.128000
8.676236 8.130000
8.678257 8.132000
8.680278 8.134000
8.682299 8.136000
8.684321 8.138000
8.686344 8.139000
8.688366 8.141000
8.690390 8.143000
8.692413 8.145000
8.694437 8.146000
8.696462 8.148000
8.698486 8.149000
8.700512 8.151000
8.702537 8.152000
8.704563 8.154000
8.706590 8.155000
8.708617 8.157000
8.710644 8.158000
8.712671 8.159000
8.714700 8.160000
8.716728 8.162000
8.718757 8.163000
8.720786 8.164000
8.722816 8.165000
8.724846 8.166000
8.726877 8.167000
8.728908 8.168000
8.730939 8.169000
8.732971 8.170000
8.735003 8.171000
8.737036 8.172000
8.739069 8.172000
8.741102 8.173000
8.743136 8.174000
8.745170 8.174000
8.747205 8.175000
8.749240 8.175000
8.751276 8.176000
8.753312 8.176000
8.755348 8.177000
8.757385 8.177000
8.759422 8.178000
8.761460 8.178000
8.763498 8.178000
8.765536 8.179000
8.767575 8.179000
8.769614 8.179000
8.771654 8.179000
8.773694 8.179000
8.775734 8.179000
8.777775 8.179000
8.779817 8.179000
8.781858 8.179000
8.783900 8.179000
8.785943 8.179000
8.787986 8.179000
8.790030 8.179000
8.792073 8.179000
8.794118 8.179000
8.796162 8.178000
8.798207 8.178000
8.800253 8.177000
8.802299 8.177000
8.804345 8.176000
8.806392 8.176000
8.808439 8.175000
8.810487 8.174000
8.812535 8.174000
8.814583 8.173000
8.816632 8.172000
8.818681 8.171000
8.820731 8.170000
8.822781 8.169000
8.824832 8.169000
8.826883 8.168000
8.828912 8.166000
8.830986 8.165000
8.833038 8.164000
8.835091 8.163000
8.837144 8.162000
8.839197 8.161000
8.841251 8.159000
8.843306 8.158000
8.845360 8.157000
8.847416 8.155000
8.849471 8.154000
8.851527 8.152000
8.853584 8.151000
8.855640 8.149000
8.857698 8.148000
8.859755 8.146000
8.861814 8.144000
8.863872 8.143000
8.865931 8.141000
8.867991 8.139000
8.870050 8.137000
8.872111 8.135000
8.874171 8.133000
8.876233 8.131000
8.878294 8.129000
8.880356 8.127000
8.882418 8.125000
8.884481 8.123000
8.886544 8.121000
8.888547 8.118000
8.890672 8.116000
8.892737 8.114000
8.894772 8.111000
8.896867 8.109000
8.898933 8.107000
8.900999 8.104000
8.903066 8.102000
8.905133 8.099000
8.907200 8.096000
8.909268 8.094000
8.911337 8.091000
8.913405 8.088000
8.915475 8.086000
8.917544 8.083000
8.919614 8.080000
8.921685 8.077000
8.923756 8.074000
8.925827 8.071000
8.927899 8.068000
8.929971 8.065000
8.932044 8.062000
8.934117 8.059000
8.936190 8.055000
8.938264 8.052000
8.940339 8.049000
8.942413 8.046000
8.944489 8.042000
8.946564 8.039000
8.948640 8.035000
8.950717 8.032000
8.952794 8.028000
8.954871 8.025000
8.956949 8.021000
8.959027 8.017000
8.961106 8.014000
8.963185 8.010000
8.965265 8.006000
8.967345 8.002000
8.969360 7.998000
8.971482 7.994000
8.973582 7.990000
8.975660 7.986000
8.977717 7.982000
8.979753 7.978000
8.981769 7.974000
8.984000 7.970000
8.986084 7.966000
8.988168 7.962000
8.990253 7.957000
8.992338 7.953000
8.994424 7.949000
8.996510 7.944000
8.998596 7.940000
9.000683 7.935000
9.002771 7.931000
9.004858 7.926000
9.006947 7.921000
9.009035 7.917000
9.011124 7.912000
9.013214 7.907000
9.015304 7.902000
9.017349 7.897000
9.019481 7.892000
9.021576 7.888000
9.023668 7.883000
9.025760 7.878000
9.027832 7.872000
9.029878 7.867000
9.031907 7.862000
9.033920 7.857000
9.036228 7.852000
9.038296 7.846000
9.040418 7.841000
9.042513 7.836000
9.044535 7.830000
9.046706 7.825000
9.048743 7.819000
9.050900 7.814000
9.052998 7.808000
9.055097 7.803000
9.057195 7.797000
9.059294 7.791000
9.061361 7.785000
9.063494 7.780000
9.065595 7.774000
9.067696 7.768000
9.069797 7.762000
9.071899 7.756000
9.074001 7.750000
9.076104 7.744000
9.078207 7.738000
9.080311 7.732000
9.082378 7.725000
9.084402 7.719000
9.086413 7.713000
9.088729 7.707000
9.090835 7.700000
9.092942 7.694000
9.094984 7.687000
9.097155 7.681000
9.099185 7.674000
9.101371 7.668000
9.103479 7.661000
9.105546 7.654000
9.107698 7.648000
9.109808 7.641000
9.111918 7.634000
9.113945 7.627000
9.116090 7.620000
9.118221 7.613000
9.120339 7.606000
9.122445 7.599000
9.124537 7.592000
9.126618 7.585000
9.128687 7.578000
9.130743 7.571000
9.132788 7.564000
9.134822 7.557000
9.136844 7.550000
9.138855 7.543000
9.140856 7.536000
9.143129 7.528000
9.145388 7.520000
9.147634 7.512000
9.149866 7.504000
9.152086 7.496000
9.154217 7.489000
9.156337 7.481000
9.158397 7.473000
9.160568 7.465000
9.162698 7.458000
9.164820 7.450000
9.166942 7.442000
9.169064 7.434000
9.171187 7.426000
9.173310 7.418000
9.175434 7.410000
9.177522 7.401000
9.179592 7.393000
9.181652 7.385000
9.183702 7.377000
9.185741 7.369000
9.187771 7.361000
9.189791 7.353000
9.191801 7.345000
9.193802 7.337000
9.196041 7.328000
9.198270 7.319000
9.200486 7.310000
9.202692 7.301000
9.204886 7.292000
9.207069 7.283000
9.209242 7.274000
9.211404 7.265000
9.213555 7.256000
9.215696 7.247000
9.217827 7.238000
9.219948 7.229000
9.222059 7.220000
9.224161 7.211000
9.226253 7.202000
9.228335 7.193000
9.230408 7.184000
9.232472 7.175000
9.234526 7.166000
9.236572 7.157000
9.238609 7.148000
9.240637 7.139000
9.242657 7.130000
9.244668 7.121000
9.246671 7.112000
9.248886 7.102000
9.251091 7.092000
9.253259 7.083000
9.255400 7.073000
9.257431 7.063000
9.259598 7.053000
9.261756 7.043000
9.263905 7.033000
9.266044 7.023000
9.268174 7.013000
9.270295 7.003000
9.272300 6.994000
9.274303 6.988000
9.276307 6.986000
9.278314 6.989000
9.280336 6.997000
9.282561 7.007000
9.284621 7.016000
9.286691 7.025000
9.288770 7.034000
9.290860 7.043000
9.292961 7.052000
9.295073 7.061000
9.297195 7.070000
9.299327 7.079000
9.301471 7.088000
9.303594 7.096000
9.305794 7.106000
9.307972 7.115000
9.310162 7.124000
9.312364 7.133000
9.314367 7.141000
9.316558 7.150000
9.318796 7.159000
9.320796 7.167000
9.322807 7.175000
9.324828 7.183000
9.326859 7.191000
9.328901 7.199000
9.330955 7.207000
9.333002 7.214000
9.335095 7.223000
9.337182 7.231000
9.339281 7.239000
9.341391 7.247000
9.343514 7.255000
9.345649 7.263000
9.347738 7.270000
9.349957 7.279000
9.352130 7.287000
9.354316 7.295000
9.356515 7.303000
9.358558 7.310000
9.360677 7.318000
9.362917 7.326000
9.365170 7.334000
9.367420 7.341000
9.369436 7.349000
9.371445 7.356000
9.373466 7.363000
9.375499 7.370000
9.377544 7.377000
9.379602 7.384000
9.381673 7.391000
9.383756 7.398000
9.385853 7.405000
9.387963 7.412000
9.390086 7.419000
9.392224 7.426000
9.394377 7.433000
9.396543 7.440000
9.398725 7.447000
9.400921 7.454000
9.402946 7.460000
9.405042 7.467000
9.407284 7.474000
9.409542 7.481000
9.411817 7.488000
9.413826 7.494000
9.416089 7.501000
9.418414 7.508000
9.420422 7.514000
9.422443 7.520000
9.424479 7.526000
9.426528 7.532000
9.428593 7.538000
9.430664 7.543000
9.432767 7.550000
9.434877 7.556000
9.437004 7.562000
9.439146 7.568000
9.441306 7.574000
9.443482 7.580000
9.445545 7.585000
9.447888 7.592000
9.450118 7.598000
9.452367 7.604000
9.454485 7.609000
9.456541 7.615000
9.458847 7.621000
9.461173 7.627000
9.463432 7.632000
9.465493 7.638000
9.467882 7.644000
9.469890 7.649000
9.471914 7.654000
9.473955 7.659000
9.476014 7.664000
9.478090 7.669000
9.480185 7.674000
9.482298 7.679000
9.484340 7.683000
9.486582 7.689000
9.488755 7.694000
9.490948 7.699000
9.493163 7.704000
9.495309 7.708000
9.497659 7.714000
9.499942 7.719000
9.502249 7.724000
9.504293 7.728000
9.506466 7.733000
9.508846 7.738000
9.511252 7.743000
9.513285 7.747000
9.515657 7.752000
9.518146 7.757000
9.520160 7.761000
9.522194 7.765000
9.524250 7.769000
9.526287 7.772000
9.528289 7.776000
9.530292 7.780000
9.532294 7.784000
9.534297 7.787000
9.536301 7.791000
9.538305 7.795000
9.540309 7.798000
9.542314 7.802000
9.544319 7.805000
9.546324 7.809000
9.548330 7.812000
9.550337 7.816000
9.552343 7.819000
9.554351 7.822000
9.556358 7.825000
9.558366 7.829000
9.560374 7.832000
9.562383 7.835000
9.564392 7.838000
9.566402 7.841000
9.568412 7.844000
9.570422 7.847000
9.572433 7.850000
9.574444 7.853000
9.576456 7.856000
9.578468 7.859000
9.580480 7.862000
9.582493 7.864000
9.584506 7.867000
9.586519 7.870000
9.588533 7.872000
9.590548 7.875000
9.592563 7.877000
9.594578 7.880000
9.596594 7.882000
9.598610 7.885000
9.600626 7.887000
9.602643 7.890000
9.604660 7.892000
9.606678 7.894000
9.608696 7.896000
9.610714 7.899000
9.612733 7.901000
9.614752 7.903000
9.616772 7.905000
9.618792 7.907000
9.620813 7.909000
9.622834 7.911000
9.624855 7.913000
9.626877 7.915000
9.628897 7.917000
9.630921 7.918000
9.632944 7.920000
9.634968 7.922000
9.636991 7.923000
9.639016 7.925000
9.641040 7.927000
9.643065 7.928000
9.645091 7.930000
9.647117 7.931000
9.649143 7.933000
9.651169 7.934000
9.653196 7.935000
9.655224 7.937000
9.657252 7.938000
9.659280 7.939000
9.661309 7.940000
9.663338 7.941000
9.665367 7.943000
9.667397 7.944000
9.669428 7.945000
9.671459 7.946000
9.673490 7.947000
9.675521 7.947000
9.677553 7.948000
9.679586 7.949000
9.681619 7.950000
9.683652 7.951000
9.685685 7.951000
9.687720 7.952000
9.689754 7.953000
9.691789 7.953000
9.693824 7.954000
9.695860 7.954000
9.697896 7.955000
9.699933 7.955000
9.701970 7.956000
9.704007 7.956000
9.706045 7.956000
9.708083 7.956000
9.710122 7.957000
9.712161 7.957000
9.714200 7.957000
9.716240 7.957000
9.718280 7.957000
9.720321 7.957000
9.722362 7.957000
9.724404 7.957000
9.726446 7.957000
9.728488 7.957000
9.730531 7.957000
9.732574 7.957000
9.734618 7.957000
9.736662 7.957000
9.738706 7.956000
9.740751 7.956000
9.742796 7.956000
9.744842 7.955000
9.746888 7.955000
9.748935 7.954000
9.750982 7.953000
9.753029 7.953000
9.755077 7.952000
9.757125 7.951000
9.759174 7.951000
9.761223 7.950000
9.763273 7.949000
9.765322 7.948000
9.767373 7.947000
9.769424 7.946000
9.771475 7.945000
9.773526 7.944000
9.775578 7.943000
9.777631 7.942000
9.779684 7.941000
9.781737 7.939000
9.783791 7.938000
9.785845 7.937000
9.787899 7.935000
9.789954 7.934000
9.792010 7.933000
9.794065 7.931000
9.796122 7.930000
9.798178 7.928000
9.800235 7.927000
9.802293 7.925000
9.804351 7.923000
9.806389 7.921000
9.808468 7.920000
9.810527 7.918000
9.812587 7.916000
9.814647 7.914000
9.816707 7.912000
9.818768 7.910000
9.820830 7.908000
9.822891 7.906000
9.824954 7.904000
9.827016 7.902000
9.829079 7.900000
9.831143 7.898000
9.833206 7.895000
9.835271 7.893000
9.837336 7.891000
9.839401 7.888000
9.841466 7.886000
9.843472 7.883000
9.845599 7.881000
9.847666 7.878000
9.849733 7.876000
9.851801 7.873000
9.853834 7.870000
9.855937 7.868000
9.858006 7.865000
9.860076 7.862000
9.862146 7.859000
9.864169 7.856000
9.866287 7.854000
9.868358 7.851000
9.870429 7.848000
9.872476 7.844000
9.874483 7.841000
9.876647 7.838000
9.878720 7.835000
9.880794 7.832000
9.882868 7.829000
9.884942 7.825000
9.887017 7.822000
9.889090 7.818000
9.891169 7.815000
9.893245 7.812000
9.895322 7.808000
9.897399 7.805000
9.899476 7.801000
9.901554 7.797000
9.903633 7.794000
9.905712 7.790000
9.907791 7.786000
9.909871 7.782000
9.911886 7.778000
9.914020 7.774000
9.916113 7.771000
9.918194 7.767000
9.920276 7.763000
9.922332 7.758000
9.924358 7.754000
9.926364 7.750000
9.928608 7.746000
9.930692 7.742000
9.932755 7.737000
9.934862 7.733000
9.936947 7.729000
9.938962 7.724000
9.941119 7.720000
9.943159 7.715000
9.945293 7.711000
9.947381 7.706000
9.949469 7.702000
9.951557 7.697000
9.953646 7.692000
9.955735 7.688000
9.957825 7.683000
9.959915 7.678000
9.962006 7.673000
9.964097 7.668000
9.966189 7.663000
9.968280 7.658000
9.970373 7.653000
9.972466 7.648000
9.974559 7.643000
9.976653 7.638000
9.978709 7.632000
9.980841 7.627000
9.982936 7.622000
9.985022 7.616000
9.987128 7.611000
9.989224 7.606000
9.991321 7.600000
9.993418 7.595000
9.995516 7.589000
9.997594 7.583000
9.999712 7.578000
